"COMPETITOR NAMES, as at 3:12AM on Monday 3rd"
DAY 1: Wednesday 18th February 2026
Race,Time,Event #,Event Type,Round,Division,Names
1 (A),08:00,1,M Clb 2X,heat,1,"Wesley Stark, Johnny Butler, Blake Leach, Cameron Churchill, Wilson Gee, Tyler Nelson, Xavier Warren, Bryn Morgan, Oliver Kohlhase, Jack Hurley, Marc McDermott, Noa Visser, Joshua Payne, Vaughn Cameron, James Knottenbelt, Sean Brooks-Adams, Paul Wilson, Benjamin Sonntag"
2 (B),08:05,1,M Clb 2X,heat,2,"Jack Litherland, Ashton Clark, Kayden Taufa, Quin Howard-Shi, Sid McQueen, Guy Curry-Stanton, Sam Clarke, Tim Chapman, Harrison McClintock, Alex Laurenson, Noah Prendergast, Atanas Alipiev, Dylan van Mil, Connor Johnson, Josh Cassidy, Blake Taylor"
3 (C),08:10,1,M Clb 2X,heat,3,"Doyong Um, Daniel Song, Felix de Groot, Karlon Johnson, Hamish Perry, Jack Fuller, Ryan Flintoft, Ollie Hawkins, Ben Thompson, Dylan Acton, Achilles Paikea, James Tiglao, Merleau Moons, Johno O'Brien, Jordan Spark, Jack Jenkins"
4 (D),08:15,2,W Clb 2X,heat,1,"Teana Rangihika, Poppie Balm, Grace Iremonger, Ayla Rowe, Emer Bryant, Katharina Hoffmann, Tessa Thomson, Olivia Martin, Megan Ritchie, Sarah Ritchie, Megan Ritchie, Aishling White, Te Aria Jackson, Ava Stevens, Tana Godfrey, Lola Eilering"
5 (E),08:20,2,W Clb 2X,heat,2,"Terani Emose, Elise Callaghan, Annabel Shaw, Frances Hazeldine, Casey-Lee Baker, Asarina Johnson, Amy Paterson, Lucy Clark, Arielle Smith, Corbin Radford, Ruby Bullock, Bailey Barnett, Charlie Fitzgerald, Imogen Hille"
6 (F),08:25,2,W Clb 2X,heat,3,"Katie Chamberlain, Alexis Moody, Tessa Chappell, Maiara Moimoi, Tilly Wilde, Rosa Griffiths, Zara Blackie, Paige Tevita-Williams, Ashley Pryor, Bella Neale, Maya Still, Brianna Paterson, Keira Gilbert, Brittany Smith"
7 (G),08:30,2,W Clb 2X,heat,4,"Siina Cooke, Jordyn Curran, Caralie Hanna, Addison Jenkins, Jasmine Sieber, Emily Mogg, Milan Teinakore, Jasmine Brake, Lola Storey, Ruhi Powdrell, Elizabeth Keddell, Naiya Wolpert, Nadia Turner, Antonia Shaw"
8 (H),08:35,3,W Int 4+,heat,1,"Millie Richardson, Dulcie-Jean Paikea, Sophia Su'a, Dempsey Schicker, Grace Hintz, Zara Cameron, Kayla Peters, Mele-'Ofa Isileli-Fo'Ou, Rebecca Klatt, Emily Tod, Jade Davies, April McGivern, Callie Gardner, Ruby McGivern, Samy Luckie, Zara Ford, Nina McKay, Natalie Sherman, Isabella Galvan, Eliza O'Meagher, Pip Scanlan, Harriet Heron, Jaedyn Thompson, Stacey Wyatt, Xanu van der Bank, Shay Ostenberry, Sophia Scheper, Devon Farrelly, Madison Farrelly, Georgia Morris"
9 (I),08:40,3,W Int 4+,heat,2,"Charlotte Alexander, Lexie Thompson, Mae Armstrong, Octavia Snelling, Selma Smith, Maddison Kennedy, Eve Singleton, Anabelle Sudfeldt, Elena Newman-Jacobs, Sarah Chain, Bree Shaw, Isabell Williamson, Minette Prinsloo, Aimee Szulczewski, Robbie Miller, Mia Beavan, Emily Wright, Pippa Percy, Hannah Penty, Albert Swanepoel, Izzy Costar, Quinn Robinson, Naomi Lukic, Tiffany Robinson, Isla Brett-Chinnery, Maggie Denize, Bree Lamont, Nina Nemcanin, Hannah Stephens, Jordan Vosper"
10 (J),08:45,4,M Snr 2-,heat,1,"George Nilsson, Nathan Kini, Zachary Jenkins, Aidan Bennett, Alex King, Freddie Eadie, Ben Allan, Bede Giera, Sam Wilson, Scott Shackleton, Finlay Dickens, Callum Booth, George Young, Jake Burrowes, Charlie Moon, Matthew Poulton, Reuben Pope, Riley Russell"
11 (K),08:50,4,M Snr 2-,heat,2,"Freddie Simons, Monty Neubert, Henry Gavin, Mason Bowker, Finn Rayner, Liam Collins, Toby Robinson, William Mackintosh, Jack Buckley, George Langley, Charlie Poulter, Luke Tompkins, Connor Brownlee, Benjamin Poulton, Logan Turrall, Louis Upton"
12 (L),08:55,5,W Snr 2-,heat,1,"Imogen Wallis, Jessica Walkinshaw, Tyler Stewart, Isabelle Welch, Coco Flood, Phoebe Collier, Charlotte Mawston, Maeve Lockett, Maclaine Stuart, Lexi Timpson, Lilly Grant, Brooke Harper"
13 (M),09:00,5,W Snr 2-,heat,2,"Ellyce Smith, Setai Setoga, Amy Bryant, Kate Slyfield, Jenna-Lee Markgraaff, Frances Casey, Harriet Williams, Aine Leeson, Mila van Rensburg, Naomi Robertson, Sam Rankin, Hannah Wylie"
14 (N),09:05,6,W Prm 1X,heat,1,"Holly Chaafe, Veronica Wall, Alana Sherman, Emma Twigg, Kathryn Glen, Shakira Mirfin, Rebecca Leigh"
15 (O),09:10,6,W Prm 1X,heat,2,"Charlize Tutbury, Eva Hofmans, Olivia Hay, Stella Clayton-Greene, Sophie Egnot-Johnson, Madison Neale"
16 (P),09:15,7,M Prm 1X,heat,1,"Joshua Lomas, Ben Mason, Karl Manson, Finn Hamill, Jack Henry, Jack Pearson, Ryan Gass"
17 (Q),09:20,7,M Prm 1X,heat,2,"Tadhg Farac, Sebastian Fulton, Ben Olifiers, Oscar Ruston, Mathew King, Daniel Taylor, Callum Tutbury"
18 (R),09:25,8,M Int 4X+,heat,1,"Hohepa Henry, Luka Fife, Kade Calland, Mackenzie Finlay-Brazell, Jayden Wooller, Gabriel Greening, Tayne Mael, Jesse Read, Samuel Gower, Mieke van Zyl, Callum McRobbie, Quinn Hookway, Mattias Tafto, Johan Joubert, Owain Brett-Chinnery, William Griffin, Ashton Bell, Angus Lovell, Noah Layton, Charlie Scott, Jackson Evans, Theodore Thomas, Cameron Abel, Corbin Newlands, Eliza O'Meagher, Patrick Hearn-Powers, Geo Snelling, Jack Hall, Lachlan Barry, Isabella Sharp, Boston Irving-Dowling, Ike Newlands-Carter, Jakob Rohrbach, Aidan Odocherty, Greer Dickson"
19 (S),09:30,8,M Int 4X+,heat,2,"Hamish Brown, Liam van der Linde, Lewis Parker, Harrison White, Albert Swanepoel, Flynn Powar, Aidan Taylor, Aidan Tod, Cameron White, Emily Tod, Doyong Um, Connor Mills, Edward Poole, Cameron McKay, Oscar Molloy, Logan Joubert, Zac Visser, Quin Vivian, Ross Llaneta, Lauren Davies, Luca Marfell, Harrison Roberts, Harry Booker, Cooper Nichols, Zac McCall, James McBride, Liam Martin, Sam Randle, Blair Paterson, Rueben de La Rosa, Petar Sigurnjak, Cooper Cummins, Mathieu Williams, Kahukura Haggie, Abdu Esmaeil, Zachary Dorn, Liam Kaye, Charlie Cropper, Oscar Verry, Tristan Theron, Zachary Dorn, Liam Kaye, Charlie Cropper, Oscar Verry, Henry Cato"
20 (T),09:35,9,W Nov 2X,heat,1,"Amelia Crouch, Sophia Hodgson, Macy Waterhouse, Pippa Goodin, Annika Willumsen, Mauri Crompton, Anika Sinclair, Kaleigh Morris, Charliee Burnett, Leah Kofoed, Ella Aldridge, Olivia Senila Filipo, Peyton Brown, Sarah Hansen"
21 (U),09:40,9,W Nov 2X,heat,2,"Jessie Springford, Meja Mason, Lydia Helms, Ruby Murdoch, Adela Slanarova, Lilee Lambe, Katie Ye, Maya Denton, Katerina Carney, Lucy Porter, Honor Hood, Lily Hannah Petrich, Charlee Wilson, Raine Duncan"
22 (V),09:45,9,W Nov 2X,heat,3,"Nina Nemcanin, Hannah Stephens, Sophia Kerwin, Danya Booth, Willow Varcoe, Susie Moorhead, Casey Paki, Jade Paki, Kate Muller, Gabrielle Robinson, Samantha White, Amy Vickers"
23 (W),09:55,10,M Nov 8+,prelim,1,"Lenox Hay-Vega, Edward Stoddard, Samuel Schofield, Samuel Richardson, Grady O'Sullivan, Blake Sheely, Oscar Keller, Tom Crowley, Cadyn Herbert, Paras Sehrawat, Robert Yang, Niello Sonnendecker, Judah Gilby-Stokes, Ahmed Aly, Hadi Xiehe, Fiachra Kelly, Jack Farmer, Seath Fourie, William Joseph, Ben McGregor, Joey Haywood, William Hartgill, Harrisen Eustace, Dehan Otto, Ben Russell, Zac Fitness, Bruno Follett, Finn O'Brien, Max Maher, Harry Fraser, Braeden Barden, Jack Brandts-Giesen, Jack Peters, Thomas Hunt, Will Vaughan, Ryan Slater, Wade Hornell, Hendrix McGowan, Luca Marie, Carter Turner-Ballantyne, Jonathan Smith, Stanley Foote, Kian Sonnendecker, Liam van Heuven, Logan Ollington"
24 (X),10:05,11,M Clb 4-,heat,1,"Tom Lieshout, Alex Fahey, Henry Johnston, Frank Ison, Ziggy Miller, Liam Fox, Brad Salthouse, Arlo Powell, Charlie Moon, Thomas Lander, Rion Ormsby-Harris, William Peoples, George Wilson, Flynn Grace, George Kinder, Bruno Dooley, Ashton Corkery, Barney Evans, Noah le Quellec, Coby Goode, Cooper Watt, Sam Overdevest, Kenai Toni, Nathan Moore, James Knottenbelt, Sean Brooks-Adams, Samuel Osborne, Xavier Simpkins, Guy Curry-Stanton, Sid McQueen, Sean O'Connor, Ted Henderson, Talon Grellman-May, Reuben Pope, Riley Russell, Josh Massingham"
25 (Y),10:10,11,M Clb 4-,heat,2,"Xavier Warren, Achilles Paikea, Edward Sanderson, Joseph Dudson, Daniel Song, Callum Jarvis, Liam Harding, William Clingin, William Thomas, William Currie, Joseph Ritchie, Sam McAfee, Jackson Metuangaro, Arthur Yeoward, James Brake, Toby Cleghorn, Hunter Marfell, Logan Flight, Zachary Jenkins, Aidan Bennett, Liam Collins, Marc McDermott, Nat Renouf, Noa Visser, Lachie Bowker, Antoneo van Deursen, Eddy Pollock, Dillon Cable, Alexander Jones, Benjamin Davison, Thomas Clingin, Fergus Meredith"
26 (Z),10:20,12,W Clb 8+,prelim,1,"Savannah Freeman, Ava Woodbury-Rinkle, Lucy Gaston, Savanna Bourke, Grace Farrell, Rose Morley, Amber Church, Ashley Pryor, George Mackintosh, Phoebe Burden, Julia Middleditch, Sienna Godfrey-Chatterton, Courtney Prebble, Kate Ryall, Emma Gardiner, Olivia Studholme, Jessica Rankin, Ashlee Tacon, Lucinda Day, Ada Findlow, Olivia Bethell, Isabella Turner, Mika James, Alba Erikson, Genevieve Fail, Elizabeth Hawksbee, Amelia Self, Emer Bryant, Lola Ritchie, Amy Paterson, Jemma Mead, Perri Stevenson, Ella Barnes, Macey Barnes, Lucy Clark, Fred Phillips, Jorjia Field, Thea Mace, Sarah Healy, Eva McGivern, Georgia Kendrick, Arielle Smith, Lily Ashton, Lily Johnson, Zara Morris, Octavia Snelling, Lexie Thompson, Charlotte Alexander, Mae Armstrong, Lola Storey, Maddie Wellington, Gracie Marshall-McCaskey, Ruhi Powdrell, Selma Smith, Kate Spriggs, Charlotte Crosbie, Micah Pyle, Ellie King, Niamh Odocherty, Charlotte McKenzie, Drew Thomas, Ayala Cunningham, Kate Baskerville, Eden Hogg, Sacha van der Net, Georgia Thorpe, Lily Dwyer, Madeline Donovan, Emma Curnow, Izzy Karim, Lilah Martin, Ashlee Bourke"
27 (A),10:25,13,M Snr 2X,heat,1,"Benjamin Lee, Frederick Mulford, Sam Johnston, Flynn Mercer, Jake Newton, Eli Kuehne, Lewis Meates, Sam Barnett, Clayton Potts, Liam Cox, Josh Bartlett, Hamish Yeatman, Jayden King, Jasper Maling, Matthew Ryder, Justin Smyth"
28 (B),10:30,13,M Snr 2X,heat,2,"Harry Febery, Jameson McConnochie, Sebastian Watson, Harrison Thode, James Hollard, Luke Berquist, Matthew O'Meara, Henry Clatworthy, Corben Campbell, Blake Cooper, Oliver Hamilton, Angus Loe, Joseph Bates, James Wlodarczak"
29 (C),10:35,13,M Snr 2X,heat,3,"Sam Williams, Oliver Kohlhase, Patrick Spillane, Logan Docherty, Harry Lightfoot, Charlie Manser, Nathan Strachan, Ash Schutz, Payo O'Sullivan, Jimmy Middleditch, Luke Brock, Fynn Allison, Jack Henry, Harrison McClintock"
30 (D),10:40,14,W Snr 2X,heat,1,"Jemima Glaholm, Kate Stewart, Tessa Thomson, Olivia Martin, Olivia Piebenga, Millie Scott, Madison Neale, Bella Breen, Teagan Smith, Abbie Higgins, Mila van Rensburg, Naomi Robertson"
31 (E),10:45,14,W Snr 2X,heat,2,"Megan Ritchie, Sarah Ritchie, Jasmine Brake, Holly Chaafe, Sadie Mason, Thea Murdie, Emma Spittle, Olivia Key, Angalla Carney, Tegan O'Dwyer, Sophie Jones, Constance Stirling"
32 (F),10:50,15,W Prm 2-,prelim,1,"Isla Blake, Ella Cossill, Jessica Tavendale, Georgie Bethell, Hannah Matehaere, Juliette Lequeux, Isobel Eliadis-Watson, Katie Lush, Lucy Burrell, Alice Fahey, Kate Haines, Alana Sherman, Rebecca Leigh, Alana Sherman"
33 (G),10:55,16,M Prm 2-,heat,1,"Karl Manson, Finn Hamill, Sam Wilson, Scott Shackleton, Jack Pearson, Arie Magasiva, Oliver Welch, Ben Taylor, Henry Kirk, Matthew Glen, Blake Bradshaw, Ethan Blight, George Nilsson, Freddie Eadie"
34 (H),11:00,16,M Prm 2-,heat,2,"Josh Syme, Fergus Johnston, Harry Galvan, Ted Mayne, Harry Fitzpatrick, Fred Vavasour, Campbell Crouch, Joshua Vodanovich, Jack Cooper, Joshua Gordon, Charles Beale, Alex Fletcher"
35 (I),11:05,17,M Int 8+,prelim,1,"Josiah Fuiava, Joel Sidoruk, Hugh Friedericksen, Zachary Horton, Patrick Innes, Kristoffer Wilkening, Solomon Jacob, Jack Simeon, Henry Ryan, Jackson Evans, Ike Newlands-Carter, Jakob Rohrbach, Theodore Thomas, Cameron Abel, Corbin Newlands, Nat Renouf, Didier Marx, Timmy Heritage, Flynn Powar, Aidan Taylor, Aidan Tod, Callum McRobbie, Cameron White, Quinn Hookway, Mattias Tafto, Johan Joubert, Owain Brett-Chinnery, Nate Dwyer, James McBride, Toby Wheeler, Blair Paterson, Sam Randle, Liam Martin, Blake Kelly, Xavier Roshan, Rueben de La Rosa, Ethan Grooby, Liam Jefferys, Blake Simcock, Mitchell Kilmister, Iain Scotcher, Lachlan Barry, Jack Hall, Geo Snelling, Isabella Sharp, Matthew Hanley, Max Erueti-Charters, Enzo Nola, Piet Dainty, Elijah Rudsits, Tom Tracy, Orlando Barden Webb, Tommy Landells, Monty Simpkins, Paras Sehrawat, Judah Gilby-Stokes, Jonathan Smith, Hohepa Henry, Mackenzie Finlay-Brazell, Carter Turner-Ballantyne, Kade Calland, Luka Fife, Chase McIntyre"
36 (J),11:10,18,W Int 2X,heat,1,"Isabella Stewart, Francie O'Sullivan, Lusia Smith, Brooke Bland, Molly Dennis, Sophia Candy, Charlotte Alexander, Octavia Snelling, Maria-Theresia Schrems, Jemma Mead, Camryn Collinson, Tiia Cooke, Mia Beavan, Maddy Knapp, Sophia Su'a, Dulcie-Jean Paikea"
37 (K),11:15,18,W Int 2X,heat,2,"Millie Richardson, Dempsey Schicker, Pippa Ryder, Ashlee Walden, Tiana Young, Jordyn Curran, Tilly Wilde, Rosa Griffiths, Pippa Percy, Hannah Penty, Emma Prendergast, Alara Thomson, Karai Taukiri, Cobie Middleton, Zahra Abeysekera, Aimee Szulczewski"
38 (L),11:20,18,W Int 2X,heat,3,"Devon Farrelly, Madison Farrelly, Stacey Wyatt, Jaedyn Thompson, Alyssa Wilson, Liesel Tolson, Zoe Collins, Emily Wright, Ruby Stonex, Maya Harold, Mila Kohlhase, Lucy Cameron"
39 (M),11:25,18,W Int 2X,heat,4,"Macy Waterhouse, Pippa Goodin, Kayla Billings, Milla Best, Abigail Parker, Tara Krishnan, Elissa Strohmeier, Cassie Colbourne, Taylor Batchelor, Lily Hammond, Layla Ware, Chloe Palmer, Pip Scanlan, Harriet Heron, Kaitlyn Sonntag, Ebony Singleton"
40 (N),11:30,19,W Nov 4+,heat,1,"Sothea Steed, Zara Sudfeldt, Charlee Wilson, Raine Duncan, Bobbie Wilson, Sophia Kerwin, Danya Booth, Adela Slanarova, Lilee Lambe, Grace Hintz, Tegan Smith, Madeline Moore, Casey Paki, Jade Paki, Holly Gera, Hunter McLay, Summer Brosnan, Matilda Isbister, Grace Webster, Greer Dickson, Maya Denton, Katie Ye, Scarlett Richards, Bee Townsend, Ashlee Bourke, Lexi Falconer, Arabella Young, Caela Antipas, Aramahea Walker, Elizabeth Keddell, Ula Chan, Greer Wallace, Janie McGregor, Vida Carney-McKnight, Molly Young"
41 (O),11:35,19,W Nov 4+,heat,2,"Bella Biggs, Charlotte Filer, Ruby Litherland, Hazel Laurence, Scarlett Westaway, Meadhbh O'Farrell, Beth Obrien, Molly Smith, Gianna Alesich Sandford, Olivia Lim, Zoe Hall, Oxie Taylor, Rosa Evennett, Jess Excell, Ava Hosking, Charliee Burnett, Milly Paterson, Kaiah Rawson, Leah Kofoed, Isla Kappely, Zara Ford, Isabell Williamson, Natalie Sherman, Isabella Galvan, Isabella-Hope Murray, Isabella Gobbie, Bernardita Hoyo Gibson, Kaleigh Morris, Keira Cocks, Lily Saxon, Sophia Hodgson, Jessica Cowie, Indigo Coley, Olivia Shailer, Emma Wilkins, Hannah Jurke, Nina Nemcanin, Sophia Scheper, Hannah Stephens, Georgia Morris"
42 (P),11:40,20,Opn 1X (P) [1000m],prelim,1,"Anthony Spijkerman, Naomi Carter, Gavin Foulsham, Pita Shelford"
42 (P),11:40,20I,I 1X (P) [1000m],prelim,1,"Zoe Penny, Toby Ireland"
43 (Q),11:45,21,M Clb 1X,heat,1,"Jordan Spark, Noah Prendergast, Cameron Elliott, Edward Baddeley, Alexander Hattrell, Talisman Lloyd, Merleau Moons, Crue Ellis-Williams"
44 (R),11:50,21,M Clb 1X,heat,2,"Jamie Soper, Josh Cassidy, Tyler Nelson, Alex Laurenson, George Moloney, Cameron Churchill, Jack Fuller, Albert Swanepoel"
45 (S),11:55,21,M Clb 1X,heat,3,"Jack Jenkins, Josh Massingham, James Tiglao, George Nilsson, Blake Taylor, Blake Leach, Liam Fox"
46 (T),12:00,21,M Clb 1X,heat,4,"Benjamin Sonntag, Joshua Payne, Atanas Alipiev, Johno O'Brien, Karlon Johnson, Jordan Hallett, Christian Lindsay"
47 (U),12:05,21,M Clb 1X,heat,5,"Aidan Bennett, Johnny Butler, Ashton Clark, Patrick Spillane, Brad Salthouse, Joshua Wilson, Vaughn Cameron"
48 (V),12:10,22,W Clb 4X-,heat,1,"Nadia Turner, Antonia Shaw, Megan Sherrard, Corbin Radford, Casey-Lee Baker, Asarina Johnson, Tessa Chappell, Maiara Moimoi, Lucy Cottier, Paige Tevita-Williams, Zara Blackie, Emily Young, Brittany Smith, Amanda Badger, Milan Teinakore, Jasmine Brake, Ashley Pryor, Lucy Gaston, Rose Morley, Bella Neale, Kate Spriggs, Drew Thomas, Micah Pyle, Ayala Cunningham, Maddie Wellington, Gracie Marshall-McCaskey, Lola Storey, Ruhi Powdrell"
49 (W),12:15,22,W Clb 4X-,heat,2,"Taylor Batchelor, Teana Rangihika, Tayler Gibbs, Lily Hammond, Charlotte Crosbie, Perri Stevenson, Niamh Odocherty, Lola Ritchie, Caralie Hanna, Bailey Barnett, Ruby Bullock, Addison Jenkins, Emer Bryant, Amy Paterson, Lucy Clark, Katharina Hoffmann, Annabel Shaw, Frances Hazeldine, Jasmine Sieber, Emily Mogg, Dovey Mabey, Tana Godfrey, Lola Eilering, Siina Cooke, Lily Johnson, Georgia Kendrick, Arielle Smith, Lily Ashton"
50 (X),12:20,23,M Nov 4X+,heat,1,"Benny Baigent, Hadi Xiehe, Reece Noble, Robert Yang, Ollie Jonkers, Harrisen Eustace, Dehan Otto, Ben Russell, Zac Fitness, Bruno Follett, Jacob Marsden, Rico Ivamy, Harper Faire-Barlow, Alaric Bulling, Jonty Waites, Tom Crowley, Oscar Keller, Blake Sheely, Grady O'Sullivan, Mason Seator, Blake Taylor, William Taylor, George Lieshout, Lukas Tafto, Isla Brett-Chinnery, Antoine Ellis, Scott Novak, Aidan Patterson, Toby Kleinsman Leusink Hill, Georgia Morris"
51 (Y),12:25,23,M Nov 4X+,heat,2,"Lenox Hay-Vega, Edward Stoddard, Samuel Schofield, Samuel Richardson, Aston Young, Julian Cardinal, Jason Hughes, Jonty Putwain, Kirwan Penny, Dylan Penny, Callum Morgan, Jacob Larsen, David Strobel, Milo Weber, Lauren Davies, Will Vaughan, Harry Fraser, Thomas Hunt, Braeden Barden, Liam Lawrence, John Dodds, Joey Haywood, William Hartgill, Henry Cato, Charlie Scott"
52 (Z),12:30,24,W Snr 8+,prelim,1,"Millie Scott, Maggie Hepburn, Bella Breen, Ruby Smith, Olivia Piebenga, Ella Barnes, Macey Barnes, Emma Spittle, Fred Phillips, Sam Rankin, Hannah Wylie, Abbie Higgins, Teagan Smith, Tyler Stewart, Isabelle Welch, Sasha Delman, Brooke Harper, Isabella-Hope Murray, Lexi Timpson, Maclaine Stuart, Tegan O'Dwyer, Pippa Dixon, Frances Casey, Angalla Carney, Molly McClintock, Jenna-Lee Markgraaff, Hunter Rowland, Emily Ryall, Lilly Grant, Coco Flood, Aine Leeson, Jessica Tavendale, Harriet Williams, Phoebe Collier, Georgie Bethell, Timmy Heritage, Ryan Woods, Keava Burrough, Victoria Melville, Alexandra Hull, Kate Slyfield, Lucy Turnbull, Pippa Melville, Amy Bryant, Kiri Ormsby, Julia Middleditch, Thea Murdie, Courtney Prebble, Imogen Boxall, Kate Ryall, Sienna Godfrey-Chatterton, Elke Thursten, Sadie Mason, Ashlee Tacon"
53 (A),12:35,25,M Snr 8+,prelim,1,"Runping Bai, Ben McNae, Cash Filipo, Hudson Rillstone, Rory Bourke, Jayden Ward, Nicholas Bourne, Elfie Piper, Tory Arnold, Sammy Taylor, Jake Peacocke, James Yeoman, Charlie Field, Josh Haskell, Patrick Sandlant, Jack Reid, Marcus Macleod, Ayden Miller, George Wilson, Lawrence Birch, George Kinder, Jake Burrowes, George Young, Coby Goode, Ashton Corkery, Logan Freshwater, Grayson Faulkner, Alex King, Louis Upton, Logan Turrall, Nathan Kini, Jackson Compain, Freddie Eadie, George Nilsson, Xavier Simpkins, Oliver Horton, Sebastian Fulton, Mason Bowker, Finn Rayner, Ethan Steyn, Connor Brownlee, Liam Collins, Charles Beale, Benjamin Poulton, Annabelle Scott, Sam Wilson, Ted Mayne, Josh Syme, Fergus Johnston, Bede Giera, Matthew Glen, Harry Galvan, Scott Shackleton, Annabel Wynn-Williams, Angus Loe, Harry Lightfoot, Sebastian Watson, Luke Brock, Josh Bartlett, Lewis Meates, Oliver Hamilton, Harrison Thode, Kate Baskerville, Finlay Dickens, Marcus Downie, Lewis Brown, James Brake, Jack Buckley, Tadhg Farac, Callum Booth, George Langley, Harry Molloy, Toby Robinson, Joshua Clark, Payo O'Sullivan, William Mackintosh, George Johnson, Ben Allan, Charlie Poulter, Luke Tompkins, Eliza O'Meagher"
54 (B),12:40,26,M Int 2X,heat,1,"Gabriel Greening, Samuel Gower, Ashton Bell, William Griffin, Quin Vivian, Ross Llaneta, Boston Irving-Dowling, Aidan Odocherty, Liam Martin, Blair Paterson, Billy Chesby, Flynn Wheeler, Cole Brownlee, William Bowmar"
55 (C),12:45,26,M Int 2X,heat,2,"Shiloh Ngapo-Sage, Tommy van Jaarsveld, Edward Poole, Cameron McKay, Keegan Jordaan, Hunter Coleman, Flynn Peters, Elliot Peters, Jackson Evans, Didier Marx, Logan Joubert, Zac Visser, Liam van der Linde, Hamish Brown"
56 (D),12:50,26,M Int 2X,heat,3,"Patrick Hearn-Powers, Iain Scotcher, Charlie Cropper, Oscar Verry, Jesse Kingsnorth, Josh Ede, Jesse Kingsnorth, Nat Dingle, Finley Taylor-Gill, Harrison McClintock, Harry Booker, Cooper Nichols, Lewis Parker, Harrison White, Brad Salthouse, Craig Ford"
57 (E),12:55,26,M Int 2X,heat,4,"Finnegan Jones, Toby Ireland, Michael Sadler, Connagh McCormack, Mathieu Williams, Kahukura Haggie, Jakob Rohrbach, Ike Newlands-Carter, James Burt, Henry Morgan, Luca Marfell, Harrison Roberts, Zachary Dorn, Liam Kaye"
58 (F),13:00,27E,Mx Clb 8+ (E),prelim,1,"Zara Blackie, Paige Tevita-Williams, Lucy Cottier, Emily Young, Roman Andrews, Xavier Roshan, Henry Johnston, Lachlan Dwyer, Ryan Slater, Georgia Thorpe, Lily Dwyer, Alexander Jones, Daniel Song, Liam Harding, William Clingin, Madeline Donovan, Eden Hogg, Oscar Molloy, Poppy Clarke, Awatea Wallace, Sid McQueen, Guy Curry-Stanton, Ted Henderson, Sean O'Connor, Tessa Thomson, Olivia Martin, Selma Smith, Nathan Moore, Kenai Toni, Casey-Lee Baker, Maiara Moimoi, Sam Overdevest, Cooper Watt, Tessa Chappell, Asarina Johnson, Benjamin Cattle, Zoe Hall, Oxie Taylor, Elizabeth Keddell, Naiya Wolpert, Christopher Dyer, Benna Webster, Liam Jefferys, Mitchell Kilmister, Ava Hosking"
59 (G),13:10,28,W Prm 2X,prelim,1,"Amelia Barrell, Mollie Nicol, Juliette Lequeux, Hannah Matehaere, Lucy Spoors, Brooke Francis, Olivia Hay, Veronica Wall, Shakira Mirfin, Sophie Egnot-Johnson, Kathryn Glen, Stella Clayton-Greene, Charlize Tutbury, Sasha Robinson"
60 (H),13:20,29,M Prm 2X,prelim,1,"Arie Magasiva, Callum Tutbury, Mathew King, Jack Pearson, Oscar Ruston, Joshua Vodanovich, Zackary Rumble, Ben Mason, Karl Manson, Ben Olifiers, Blake Bradshaw, Ethan Blight, Alex Fletcher, Ryan Gass"
61 (I),13:25,30,W Int 8+,prelim,1,"Zahra Abeysekera, Aimee Szulczewski, Bree Shaw, Isabell Williamson, Minette Prinsloo, Nina McKay, Zara Ford, Isabella Galvan, Annabel Wynn-Williams, Lusia Smith, Annika Willumsen, Emily Cooper, Harriet Heron, Pip Scanlan, Jaedyn Thompson, Stacey Wyatt, Brooke Bland, Xanu van der Bank, Lusia Smith, Annika Willumsen, Mauri Crompton, Harriet Heron, Pip Scanlan, Jaedyn Thompson, Stacey Wyatt, Brooke Bland, Xanu van der Bank, Anabelle Sudfeldt, Eve Singleton, Megan Sherrard, April McGivern, Jade Davies, Callie Gardner, Ruby McGivern, Elena Newman-Jacobs, Zara Morris, Amelia Brown, Elsie Fenwick, Heidi Kampenhout, Jemma Burke, Molly Scott, Meg Cannon, Lily Gundesen, Emilia Hickey, Harry Lorentsson, Shay Ostenberry, Nina Nemcanin, Hannah Jurke, Maggie Denize, Sophia Scheper, Madison Farrelly, Devon Farrelly, Hannah Stephens, Georgia Morris, Naomi Lukic, Quinn Robinson, Izzy Costar, Tiffany Robinson, Mele-'Ofa Isileli-Fo'Ou, Kayla Peters, Zara Cameron, Rebecca Klatt, Owain Brett-Chinnery, Abigail Parker, Tara Krishnan, Zoe Collins, Emily Wright, Maddy Knapp, Pippa Percy, Mia Beavan, Hannah Penty, Albert Swanepoel"
62 (J),13:40,31,M Clb 8+,heat,1,"Bennett Mareroa, Alex Jonkers, Gaebriel Gamble, Oliver Chapman-Worthy, Nathan Carter, Jayden Calland, Will Clapcott, Cooper McLean, Chase McIntyre, Roman Andrews, Xavier Roshan, Sam Randle, Alex Fahey, Tom Lieshout, Lachlan Dwyer, Henry Johnston, Frank Ison, Ryan Slater, Thomas Clingin, Jackson Metuangaro, Callum Jarvis, Benjamin Davison, Arthur Yeoward, James Brake, Fergus Meredith, Toby Cleghorn, Jacob Avery, Talon Grellman-May, Jack Litherland, Karlon Johnson, Reuben Pope, Riley Russell, Ashton Clark, Felix de Groot, Josh Massingham, Molly Young, William Thomas, Sam McAfee, Joseph Ritchie, Cameron Abel, Corbin Newlands, William Currie, Theodore Thomas, Didier Marx, Robbie Miller, Jack McLellan, Brennan Keen, Luka Mains-Upson, Jed Tisdall, Dylan Acton, Ben Thompson, Jacob Harrison, Max Smith, Kate Baskerville"
63 (K),13:45,31,M Clb 8+,heat,2,"Jordan Hallett, James Tiglao, Quin Vivian, Bryn Morgan, Achilles Paikea, Zac Visser, Edward Sanderson, Joseph Dudson, Lauren Davies, Charlie Moon, William Peoples, Finley Taylor-Gill, Thomas Lander, Gerard Wall, Matthew Poulton, Crue Ellis-Williams, Ethan Claridge, George Mackintosh, Coby Goode, George Wilson, Flynn Grace, George Kinder, Ashton Corkery, Barney Evans, Noah le Quellec, Bruno Dooley, Grayson Faulkner, Tyler Warren, Will Iversen, Oliver Poppelwell, Conor Irwin, Finn Thompson, Oscar Innes, Henry Mahon, Benson Edwards, Charles Lewis, Nicholas Bates, Alexander Mitchell, Oliver Wells, Fletcher Blewman, Isaac Penny, Oliver Goldfinch, Zaheer Kalaam, Mitchell Barton, Michael Jurgensen"
64 (L),13:50,32,W Clb 2-,heat,1,"Thea Mace, Lily Johnson, Ava Stevens, Amanda Horne, Charlie Fitzgerald, Imogen Hille, Sacha van der Net, Emma Curnow, Olivia Studholme, Emma Gardiner, Katie Chamberlain, Hinemoa Haak, Terani Emose, Elise Callaghan"
65 (M),13:55,32,W Clb 2-,heat,2,"Poppy Clarke, Awatea Wallace, Phoebe Burden, Jessica Rankin, Macey Barnes, Ella Barnes, Savannah Freeman, Ava Woodbury-Rinkle, Imogen Wallis, Jessica Walkinshaw, Georgia Kendrick, Eva McGivern, Lilah Martin, Izzy Karim, Jorjia Field, Lily Ashton"
66 (N),14:05,33,M Nov 4+,heat,1,"Jacob Marsden, Rico Ivamy, Harper Faire-Barlow, Alaric Bulling, Jonty Waites, Eli Ah Ping, Joseph Langley, Benson Watt, Liam Coutts, Braxton Klenner, Luca Marie, Stanley Foote, Kian Sonnendecker, Liam van Heuven, Tory Arnold, Scott Novak, Antoine Ellis, Toby Kleinsman Leusink Hill, Aidan Patterson, Georgia Morris, William Joseph, Ben McGregor, Joey Haywood, William Hartgill, Bruno Follett"
67 (O),14:10,33,M Nov 4+,heat,2,"Blake Taylor, Lukas Tafto, George Lieshout, William Taylor, Emily Tod, Callum Morgan, Jacob Larsen, David Strobel, Milo Weber, Grace Hintz, Jayden Antrobus, Sam Ryan, Caleb Wright, Christopher Edgar, Marcus Coatsworth, Fiachra Kelly, Jack Farmer, Wade Hornell, Hendrix McGowan, Jayden Wooller, William Dobbs, Edward Poole, Luciano Pouwels, Ethan Winson, Oscar Molloy"
68 (P),14:15,34,W Snr 4X-,prelim,1,"Sophie Jones, Constance Stirling, Tessa Thomson, Olivia Martin, Millie Scott, Olivia Piebenga, Olivia Key, Emma Spittle, Jemima Glaholm, Kate Stewart, Bella Neale, Sasha Robinson, Maggie Hepburn, Ruby Smith, Madison Neale, Bella Breen, Abbie Higgins, Teagan Smith, Sadie Mason, Thea Murdie, Jordyn Curran, Tana Godfrey, Lola Eilering, Siina Cooke, Angalla Carney, Molly McClintock, Amelia Barrell, Tegan O'Dwyer, Caralie Hanna, Bailey Barnett, Ruby Bullock, Addison Jenkins"
69 (Q),14:20,35,M Snr 4X-,heat,1,"Nathan Strachan, Corben Campbell, Ash Schutz, Blake Cooper, Sebastian Watson, Oliver Hamilton, Josh Bartlett, Harrison Thode, Sam Williams, Oliver Kohlhase, Clayton Potts, Liam Cox, Harry Lightfoot, Charlie Manser, Matthew O'Meara, Henry Clatworthy, Jasper Maling, Jayden King, Harry Febery, Henry Gavin, Lawrence Birch, Charlie Poulter, Joshua Clark, Logan Freshwater"
70 (R),14:25,35,M Snr 4X-,heat,2,"Patrick Spillane, Logan Docherty, Sam Johnston, Flynn Mercer, Jameson McConnochie, Gerard Wall, Ethan Claridge, Jack Henry, Jimmy Middleditch, George Johnson, Payo O'Sullivan, Luke Tompkins, Justin Smyth, Matthew Ryder, James Hollard, Luke Berquist, Sam Barnett, Lewis Meates, Luke Brock, Fynn Allison, Xavier Warren, Jake Newton, Eli Kuehne, Nicky Maxim"
71 (S),14:30,36,W Prm 4-,prelim,1,"Isla Blake, Ella Cossill, Kate Haines, Alana Sherman, Isla Blake, Ella Cossill, Mollie Nicol, Alana Sherman, Isobel Eliadis-Watson, Rebecca Leigh, Eva Hofmans, Katie Lush"
72 (T),14:40,37,M Prm 4-,prelim,1,"Oscar Ruston, Finn Hamill, Joshua Vodanovich, Campbell Crouch, Sam Wilson, Matthew Glen, Henry Kirk, Scott Shackleton, Zackary Rumble, Ted Mayne, Oliver Welch, Ben Taylor"
73 (U),14:45,38,W Nov 8+,prelim,1,"Evangeline McKinnon, Gretta Keith, Lydia Helms, Gabrielle Robinson, Orenia Williams, Maeve Quinn, Kate Muller, Ruby Murdoch, Cadyn Herbert, Florence Gillespie, Charlotte Filer, Peyton Brown, Sarah Hansen, Pippa Winchester, Lucinda Howard, Jessie Springford, Meja Mason, Scarlett Westaway, Tegan Smith, Olivia Shailer, Sothea Steed, Indigo Coley, Amelia Crouch, Madeline Moore, Casey Paki, Jade Paki, Holly Gera, Bella Biggs, Hazel Laurence, Greer Wallace, Ruby Litherland, Ula Chan, Lucy Porter, Janie McGregor, Vida Carney-McKnight, Molly Young, Leah Austin, Bree Lamont, Caela Antipas, Aramahea Walker, Zoe Hall, Oxie Taylor, Rosa Evennett, Jess Excell, Ava Hosking, Sian Pardoe, Liv Pardoe, Ella Raath, Holly Nilsson, Izzy Thorne, Hayley Sherwin, Emily Barclay, Holly Calcinai, Katie McKean, Pippa McMillan, Anabel King, Kaiah Rawson, Milly Paterson, Hunter McLay, Summer Brosnan, Matilda Isbister, Grace Webster, Greer Dickson, Molly Smith, Gianna Alesich Sandford, Anika Sinclair, Beth Obrien, Isabella Gobbie, Bernardita Hoyo Gibson, Kaleigh Morris, Keira Cocks, Ashlee Bourke"
74 (V),14:50,39,W Int 4X+,heat,1,"Mila Kohlhase, Lucy Cameron, Emma Prendergast, Alara Thomson, Mason Seator, Layla Ware, Chloe Palmer, Ruby Stonex, Maya Harold, Tana Godfrey, Charlotte Alexander, Lexie Thompson, Mae Armstrong, Octavia Snelling, Selma Smith, Sarah Healy, Megan Sherrard, Cobie Middleton, Elena Newman-Jacobs, Zara Morris, Liesel Tolson, Maria-Theresia Schrems, Alyssa Wilson, Jemma Mead, Fred Phillips, Millie Richardson, Dulcie-Jean Paikea, Sophia Su'a, Dempsey Schicker, Grace Hintz, Mauri Crompton, Lusia Smith, Annika Willumsen, Harriet Heron, Aston Young, Ashlee Walden, Camryn Collinson, Pippa Ryder, Tiia Cooke, Jordyn Curran, Faye Yao, Jordan Vosper, Maggie Denize, Hannah Jurke, Nina Nemcanin"
75 (W),14:55,39,W Int 4X+,heat,2,"Tiana Young, Lily Hannah Petrich, Molly Dennis, Sophia Candy, Macy Waterhouse, Anabelle Sudfeldt, Maddison Kennedy, Eve Singleton, Karai Taukiri, Sarah Chain, Tara Krishnan, Abigail Parker, Maddy Knapp, Zoe Collins, Albert Swanepoel, Keira Gilbert, Brittany Smith, Bee Townsend, Amanda Badger, Pieta Cumming, Elissa Strohmeier, Isabella Stewart, Francie O'Sullivan, Cassie Colbourne, Ruby Fuller, Jaedyn Thompson, Pip Scanlan, Stacey Wyatt, Brooke Bland, Xanu van der Bank, Jade Davies, April McGivern, Callie Gardner, Ruby McGivern, Samy Luckie, Shay Ostenberry, Sophia Scheper, Devon Farrelly, Madison Farrelly, Georgia Morris"
76 (X),15:00,40,M Int 4+,heat,1,"Aidan Tod, Aidan Taylor, Mattias Tafto, Quinn Hookway, Isla Brett-Chinnery, Henry Morgan, James Burt, Samuel Osborne, Will Iversen, Caitlin Lawrence, Cameron Abel, Theodore Thomas, Corbin Newlands, Didier Marx, Isabella-Hope Murray, Iain Scotcher, Lachlan Barry, Jack Hall, Geo Snelling, Isabella Sharp, Zachary Dorn, Liam Kaye, Charlie Cropper, Oscar Verry, Henry Cato"
77 (Y),15:05,40,M Int 4+,heat,2,"Blake Simcock, Ethan Grooby, Liam Jefferys, Mitchell Kilmister, Naiya Wolpert, Samuel Sapsford, Brodie Scott, Billy Chesby, Flynn Wheeler, Atawhai Mills, Flynn Powar, Callum McRobbie, Cameron White, Johan Joubert, Owain Brett-Chinnery, William Griffin, Ashton Bell, Angus Lovell, Noah Layton, Charlie Scott, Cooper Cummins, Tayne Mael, Jesse Read, Petar Sigurnjak, Mieke van Zyl"
78 (Z),15:10,41,M Clb 4X-,heat,1,"Cameron McKay, William Clingin, Liam Harding, Alexander Jones, Connor Johnson, Dylan van Mil, Blake Leach, Cameron Churchill, Hunter Marfell, Logan Flight, Zachary Jenkins, Aidan Bennett, Hamish Perry, Brody Leicester, Noah Prendergast, Jack Hurley, Jacob Harrison, Jed Tisdall, Ben Thompson, Dylan Acton, Tom Lieshout, Talisman Lloyd, Alex Fahey, Frank Ison, Christian Lindsay, Patrick Hearn-Powers, Josh Cassidy, Blake Taylor"
79 (A),15:15,41,M Clb 4X-,heat,2,"Luka Mains-Upson, Jack McLellan, Brennan Keen, Max Smith, Jordan Hallett, Zac Visser, Joseph Dudson, Ross Llaneta, Noa Visser, Liam Collins, Sam Clarke, Tim Chapman, Mattias Everett, Jack Calcinai, Angus Denize, Jakob Kampenhout, Finley Taylor-Gill, Crue Ellis-Williams, Harrison McClintock, Alex Laurenson, Quin Howard-Shi, Wesley Stark, Johnny Butler, Kayden Taufa"
80 (B),15:20,41,M Clb 4X-,heat,3,"Lachie Bowker, Joshua Wilson, Eddy Pollock, Antoneo van Deursen, Harry Booker, Ollie Hawkins, Ryan Flintoft, George Moloney, Xavier Warren, Achilles Paikea, Bryn Morgan, James Tiglao, Ashton Clark, Josh Massingham, Felix de Groot, Karlon Johnson, Roman Andrews, Xavier Roshan, Lachlan Dwyer, Henry Johnston, Sid McQueen, Guy Curry-Stanton, Sean O'Connor, Ted Henderson"
81 (C),15:25,42,W Clb 1X,heat,1,"Maya Still, Frances Hazeldine, Megan Ritchie, Isla Westlake, Dovey Mabey, Tayler Gibbs, Caralie Hanna"
82 (D),15:30,42,W Clb 1X,heat,2,"Ayla Rowe, Tessa Chappell, Emily Mogg, Ayla Klein, Olivia Martin, Aishling White, Ava Stevens"
83 (E),15:35,42,W Clb 1X,heat,3,"Xanthe Hedley, Brianna Paterson, Lucy Gaston, Sarah Ritchie, Milan Teinakore, Elizabeth Keddell, Poppie Balm"
84 (F),15:40,43,W Prm 4X-,prelim,1,"Amelia Barrell, Charlize Tutbury, Tegan O'Dwyer, Sophie Egnot-Johnson, Millie Scott, Olivia Piebenga, Madison Neale, Bella Breen, Veronica Wall, Eva Hofmans, Holly Chaafe, Sophie Jones, Kathryn Glen, Hannah Matehaere, Emma Spittle, Mollie Nicol, Olivia Hay, Rebecca Leigh, Sasha Robinson, Sadie Mason"
85 (G),15:45,44,M Prm 4X-,prelim,1,"Liam Cox, Jake Newton, Eli Kuehne, Nicky Maxim, Ben Mason, Henry Kirk, Jimmy Middleditch, Payo O'Sullivan, Arie Magasiva, George Johnson, Ryan Gass, Alex Fletcher, Hamish Yeatman, Luke Brock, Mathew King, Jack Pearson, Callum Tutbury, Karl Manson, Ben Olifiers, Finn Hamill, Charlie Manser, Henry Clatworthy, Harry Lightfoot, Matthew O'Meara"
86 (H),15:50,45,W Snr 4-,prelim,1,"Sam Rankin, Imogen Boxall, Elke Thursten, Hannah Wylie, Maclaine Stuart, Lexi Timpson, Setai Setoga, Ellyce Smith, Maeve Lockett, Charlotte Mawston, Jessica Walkinshaw, Imogen Wallis, Lilly Grant, Emily Ryall, Aine Leeson, Harriet Williams, Jenna-Lee Markgraaff, Molly McClintock, Pippa Dixon, Frances Casey, Coco Flood, Jessica Tavendale, Phoebe Collier, Georgie Bethell, Tyler Stewart, Brooke Harper, Sasha Delman, Isabelle Welch"
87 (I),15:55,46,M Snr 4-,heat,1,"Lawrence Birch, Jake Burrowes, George Young, Logan Freshwater, Tadhg Farac, Jack Buckley, Callum Booth, George Langley, Connor Brownlee, Liam Collins, Charles Beale, Benjamin Poulton, Frederick Mulford, Benjamin Lee, Joseph Bates, James Wlodarczak, Xavier Simpkins, Jackson Compain, Logan Turrall, Louis Upton"
88 (J),16:00,46,M Snr 4-,heat,2,"Alex King, Nathan Kini, George Nilsson, Freddie Eadie, Toby Robinson, William Mackintosh, Ben Allan, Bede Giera, Josh Syme, Fergus Johnston, Harry Galvan, Ted Mayne, Henry Gavin, Mason Bowker, Finn Rayner, Ethan Steyn, Finlay Dickens, Marcus Downie, Lewis Brown, Theo Brown"
91 (M),16:05,48I,I 2X (P) [1000m],prelim,1,"Poppy Hawkins, Zoe Penny, Angus Denize, Pita Shelford, Finnegan Jones, Toby Ireland, Lily Gundesen, Naomi Carter"
92 (N),16:10,49,W Nov 4X+,heat,1,"Lexi Falconer, Bree Lamont, Rosa Evennett, Aramahea Walker, Jess Excell, Lydia Helms, Gabrielle Robinson, Kate Muller, Ruby Murdoch, Aston Young, Charliee Burnett, Pippa McMillan, Milly Paterson, Anabel King, Greer Dickson, Isabell Williamson, Minette Prinsloo, Zara Ford, Isabella Galvan, Robbie Miller, Willow Varcoe, Susie Moorhead, Katerina Carney, Lucy Porter, Molly Young, Jessica Cowie, Sophia Hodgson, Sothea Steed, Zara Sudfeldt, Emma Wilkins, Peyton Brown, Jessie Springford, Meja Mason, Sarah Hansen, Charlie Scott"
93 (O),16:15,49,W Nov 4X+,heat,2,"Florence Gillespie, Pippa Winchester, Janie McGregor, Lucinda Howard, Scarlett Westaway, Honor Hood, Macy Waterhouse, Lily Hannah Petrich, Pippa Goodin, Tiana Young, Isabella Gobbie, Anika Sinclair, Kaleigh Morris, Keira Cocks, Olivia Lim, Hunter McLay, Summer Brosnan, Matilda Isbister, Grace Webster, Isla Kappely, Tegan Smith, Amelia Crouch, Jade Paki, Casey Paki, Bobbie Wilson, Samantha White, Amy Vickers, Ella Aldridge, Olivia Senila Filipo, Aurora Rogers-Scott, Nina Nemcanin, Hannah Jurke, Sophia Scheper, Hannah Stephens, Isabella Sharp"
94 (P),16:20,49,W Nov 4X+,heat,3,"Maeve Quinn, Gretta Keith, Orenia Williams, Evangeline McKinnon, Ruby Fuller, Olivia Shailer, Indigo Coley, Charlee Wilson, Madeline Moore, Holly Gera, Maya Denton, Katie Ye, Scarlett Richards, Meadhbh O'Farrell, Amy Robson, Sophia Kerwin, Danya Booth, Adela Slanarova, Lilee Lambe, Lauren Davies, Molly Smith, Bernardita Hoyo Gibson, Beth Obrien, Gianna Alesich Sandford, Lily Saxon, Arabella Young, Leah Austin, Oxie Taylor, Zoe Hall, Ava Hosking, Bella Biggs, Charlotte Filer, Ruby Litherland, Hazel Laurence, Bruno Follett"
95 (Q),16:25,50,M Int 1X,heat,1,"Jan Trupke, Noah Layton, Mathieu Williams, Flynn Wheeler, Harrison White, Zac Visser, Ross Llaneta, Keegan Jordaan"
96 (R),16:30,50,M Int 1X,heat,2,"Hamish Brown, Logan Joubert, Craig Ford, Hunter Coleman, Josh Ede, Aidan Odocherty, Stewart Widger, Samuel Gower"
97 (S),16:35,50,M Int 1X,heat,3,"Henry Morgan, Nat Renouf, Angus Lovell, Quin Vivian, Kahukura Haggie, Connagh McCormack, Paul Wilson, Lewis Parker"
98 (T),16:40,51,W Int 1X,heat,1,"Milla Best, Sophia Candy, Annabel Shaw, Rose Morley, Isla Westlake, Lily Hammond, Ruby Stonex, Shay Ostenberry"
99 (U),16:45,51,W Int 1X,heat,2,"Tiia Cooke, Nina McKay, Camryn Collinson, Maria-Theresia Schrems, Ayla Klein, Pippa Percy, Jasmine Sieber, Sophia Su'a"
100 (V),16:50,51,W Int 1X,heat,3,"Naiya Wolpert, Rosa Griffiths, Tessa Thomson, Cobie Middleton, Lusia Smith, Ashlee Walden, Zahra Abeysekera"
101 (W),16:55,51,W Int 1X,heat,4,"Kayla Billings, Brooke Bland, Amanda Badger, Maya Harold, Tilly Wilde, Karai Taukiri, Chloe Palmer"

DAY 2: Thursday 19th February 2026
Race,Time,Event #,Event Type,Round,Division,Names
102 (A),08:00,52,M Nov 2X,heat,1,"Blake Taylor, William Taylor, Harrisen Eustace, Dehan Otto, David Strobel, Milo Weber, Zac Fitness, Ben Russell, Marley Taufa, Wesley Stark, Jonty Putwain, Kirwan Penny, George Lieshout, Lukas Tafto, Harper Faire-Barlow, Alaric Bulling, William Dobbs, Ethan Winson"
103 (B),08:05,52,M Nov 2X,heat,2,"John Dodds, Henry Cato, Jacob Marsden, Rico Ivamy, Julian Cardinal, Jason Hughes, Blake Sheely, Grady O'Sullivan, Samuel Schofield, Samuel Richardson, Oscar Keller, Tom Crowley, Flynn Peters, Elliot Peters, Luciano Pouwels, Edward Poole, Jacob Larsen, Callum Morgan"
105 (D),08:15,53,M Clb 2-,heat,1,"Jordan Spark, Jack Jenkins, William Thomas, Sam McAfee, Sean O'Connor, Ted Henderson, Freddie Simons, Monty Neubert, Merleau Moons, Johno O'Brien, Fergus Meredith, Toby Cleghorn, Liam Harding, William Clingin, Rion Ormsby-Harris, Dillon Cable, Hunter Marfell, Logan Flight"
106 (E),08:20,53,M Clb 2-,heat,2,"Jakob Rohrbach, Ike Newlands-Carter, Cooper Watt, Sam Overdevest, Ryan Flintoft, Ollie Hawkins, Lewis Brown, Theo Brown, Noah le Quellec, Barney Evans, Reuben Pope, Riley Russell, Edward Sanderson, Joseph Dudson, Zach Peebles, Benjamin Rickard"
107 (F),08:25,53,M Clb 2-,heat,3,"Joshua Payne, Vaughn Cameron, Jackson Metuangaro, Arthur Yeoward, Will Kale, Corin Brown, Zachary Jenkins, Aidan Bennett, Samuel Osborne, James Knottenbelt, Ziggy Miller, Arlo Powell, Charlie Moon, Matthew Poulton, Christopher Dyer, Benna Webster"
108 (G),08:30,54,W Clb 4-,heat,1,"Te Aria Jackson, Ava Stevens, Imogen Wallis, Amanda Horne, Olivia Studholme, Emma Gardiner, Kate Ryall, Sienna Godfrey-Chatterton, Sacha van der Net, Emma Curnow, Izzy Karim, Lilah Martin, Amy Paterson, Ella Barnes, Macey Barnes, Lucy Clark, Lola Storey, Maddie Wellington, Gracie Marshall-McCaskey, Ruhi Powdrell, Alexis Moody, Hinemoa Haak, Katie Chamberlain, Xanthe Hedley"
109 (H),08:35,54,W Clb 4-,heat,2,"Georgia Thorpe, Lily Dwyer, Madeline Donovan, Eden Hogg, Amber Church, Ashley Pryor, Grace Farrell, Savanna Bourke, Sarah Healy, Georgia Kendrick, Eva McGivern, Lily Johnson, Phoebe Burden, Courtney Prebble, Julia Middleditch, Jessica Rankin, Perri Stevenson, Ellie King, Niamh Odocherty, Charlotte McKenzie"
110 (I),08:40,55,W Snr 1X,heat,1,"Setai Setoga, Tegan O'Dwyer, Maeve Lockett, Naomi Robertson, Holly Chaafe, Constance Stirling, Sophie Jones, Mila van Rensburg"
111 (J),08:45,55,W Snr 1X,heat,2,"Dovey Mabey, Sasha Robinson, Angalla Carney, Isla Westlake, Olivia Key, Charlotte Mawston, Aishling White"
112 (K),08:55,56,M Snr 1X,heat,1,"Jameson McConnochie, Alexander Hattrell, Gerard Wall, Logan Docherty, Lewis Meates, Fynn Allison, Luke Berquist, Nicky Maxim, Travis Talpos"
113 (L),09:00,56,M Snr 1X,heat,2,"Harry Febery, Joshua Lomas, James Hollard, Sam Barnett, Justin Smyth, Sebastian Fulton, Eli Kuehne, Ethan Claridge, Jamie Soper"
114 (M),09:05,56,M Snr 1X,heat,3,"George Moloney, Joshua Clark, Corben Campbell, Nathan Strachan, Charlie Manser, Jake Newton, Clayton Potts, Angus Loe"
116 (O),09:15,57E,Mx Int 8+ (E),prelim,1,"Lexi Falconer, Arabella Young, Leah Austin, Jess Excell, Blake Simcock, Finnegan Jones, Ethan Grooby, Mitchell Kilmister, Ava Hosking, Antoine Ellis, Scott Novak, Nina Nemcanin, Maggie Denize, Toby Kleinsman Leusink Hill, Aidan Patterson, Hannah Stephens, Hannah Jurke, Georgia Morris, Naomi Lukic, Tiffany Robinson, Aidan Tod, Aidan Taylor, Quinn Robinson, Quinn Hookway, Mele-'Ofa Isileli-Fo'Ou, Mattias Tafto, Emily Tod, Iain Scotcher, Lachlan Barry, Shay Ostenberry, Sophia Scheper, Madison Farrelly, Devon Farrelly, Jack Hall, Geo Snelling, Isabella Sharp, Maya Denton, Brittany Smith, Keira Gilbert, Scarlett Richards, Connor Mills, Doyong Um, Edward Poole, Cameron McKay, Amanda Badger, Zachary Dorn, Charlie Cropper, Oscar Verry, Liam Kaye, Lucinda Howard, Susie Moorhead, Florence Gillespie, Pippa Winchester, Scarlett Westaway, Izzy Costar, Flynn Powar, Zara Cameron, Kayla Peters, Callum McRobbie, Cameron White, Johan Joubert, Rebecca Klatt, Owain Brett-Chinnery"
117 (P),09:25,58,M Prm 8+,prelim,1,"Fred Vavasour, Arie Magasiva, Jack Pearson, Charles Beale, Alex Fletcher, Payo O'Sullivan, Blake Cooper, George Young, Hunter Rowland, Callum Tutbury, Karl Manson, Jack Cooper, Oscar Ruston, Campbell Crouch, Joshua Vodanovich, Finn Hamill, Joshua Gordon, Oliver Duncan, Sam Wilson, Ted Mayne, Zackary Rumble, Matthew Glen, Henry Kirk, Ben Taylor, Oliver Welch, Scott Shackleton, Annabel Wynn-Williams, Tadhg Farac, Callum Booth, Daniel Taylor, Jack Buckley, Harry Fitzpatrick, Blake Bradshaw, Ethan Blight, George Langley, Jacob Avery, Toby Robinson, Luke Tompkins, Josh Syme, Ben Allan, Bede Giera, William Mackintosh, Harry Galvan, Fergus Johnston, Eliza O'Meagher"
118 (Q),09:30,59,W Prm 8+,prelim,1,"Frances Casey, Eva Hofmans, Mollie Nicol, Amelia Barrell, Isla Blake, Sophie Egnot-Johnson, Katie Lush, Isobel Eliadis-Watson, Bradley Kingma, Rebecca Leigh, Kate Haines, Alice Fahey, Jenna-Lee Markgraaff, Madison Neale, Millie Scott, Tyler Stewart, Emma Spittle, Annabelle Scott, Alana Sherman, Hannah Matehaere, Lucy Burrell, Charlize Tutbury, Olivia Piebenga, Pippa Dixon, Mila van Rensburg, Molly McClintock, Harry Molloy, Emily Ryall, Lilly Grant, Coco Flood, Aine Leeson, Jessica Tavendale, Harriet Williams, Phoebe Collier, Georgie Bethell, Timmy Heritage, Ella Cossill, Shakira Mirfin, Olivia Hay, Tegan O'Dwyer, Charlotte Mawston, Elke Thursten, Sasha Robinson, Sasha Delman, George Mackintosh"
119 (R),10:30,1,M Clb 2X,semi-final,1,"Noah Prendergast, Atanas Alipiev, Ryan Flintoft, Ollie Hawkins, Blake Leach, Cameron Churchill, Ben Thompson, Dylan Acton, Harrison McClintock, Alex Laurenson, Wilson Gee, Tyler Nelson, Dylan van Mil, Connor Johnson, Joshua Payne, Vaughn Cameron, Wesley Stark, Johnny Butler"
120 (S),10:35,1,M Clb 2X,semi-final,2,"Marc McDermott, Noa Visser, Sid McQueen, Guy Curry-Stanton, Felix de Groot, Karlon Johnson, Sam Clarke, Tim Chapman, Oliver Kohlhase, Jack Hurley, Merleau Moons, Johno O'Brien, James Knottenbelt, Sean Brooks-Adams, Kayden Taufa, Quin Howard-Shi, Hamish Perry, Jack Fuller"
121 (T),10:40,2,W Clb 2X,semi-final,1,"Te Aria Jackson, Ava Stevens, Casey-Lee Baker, Asarina Johnson, Ashley Pryor, Bella Neale, Milan Teinakore, Jasmine Brake, Tessa Thomson, Olivia Martin, Arielle Smith, Corbin Radford, Jasmine Sieber, Emily Mogg, Caralie Hanna, Addison Jenkins, Annabel Shaw, Frances Hazeldine"
122 (U),10:45,2,W Clb 2X,semi-final,2,"Tessa Chappell, Maiara Moimoi, Megan Ritchie, Aishling White, Lola Storey, Ruhi Powdrell, Zara Blackie, Paige Tevita-Williams, Amy Paterson, Lucy Clark, Emer Bryant, Katharina Hoffmann, Keira Gilbert, Brittany Smith, Elizabeth Keddell, Naiya Wolpert, Katie Chamberlain, Alexis Moody"
123 (V),10:50,9,W Nov 2X,semi-final,1,"Samantha White, Amy Vickers, Peyton Brown, Sarah Hansen, Charliee Burnett, Leah Kofoed, Casey Paki, Jade Paki, Katie Ye, Maya Denton, Anika Sinclair, Kaleigh Morris, Lydia Helms, Ruby Murdoch, Honor Hood, Lily Hannah Petrich, Jessie Springford, Meja Mason"
124 (W),10:55,9,W Nov 2X,semi-final,2,"Amelia Crouch, Sophia Hodgson, Adela Slanarova, Lilee Lambe, Kate Muller, Gabrielle Robinson, Katerina Carney, Lucy Porter, Macy Waterhouse, Pippa Goodin, Willow Varcoe, Susie Moorhead, Ella Aldridge, Olivia Senila Filipo, Charlee Wilson, Raine Duncan, Nina Nemcanin, Hannah Stephens"
125 (X),11:20,13,M Snr 2X,semi-final,1,"Benjamin Lee, Frederick Mulford, Patrick Spillane, Logan Docherty, Josh Bartlett, Hamish Yeatman, Harry Lightfoot, Charlie Manser, Matthew O'Meara, Henry Clatworthy, Lewis Meates, Sam Barnett, Sebastian Watson, Harrison Thode, Nathan Strachan, Ash Schutz, Corben Campbell, Blake Cooper"
126 (Y),11:25,13,M Snr 2X,semi-final,2,"Joseph Bates, James Wlodarczak, Oliver Hamilton, Angus Loe, Payo O'Sullivan, Jimmy Middleditch, James Hollard, Luke Berquist, Clayton Potts, Liam Cox, Luke Brock, Fynn Allison, Sam Johnston, Flynn Mercer, Matthew Ryder, Justin Smyth, Harry Febery, Jameson McConnochie"
127 (Z),11:35,18,W Int 2X,semi-final,1,"Pippa Ryder, Ashlee Walden, Pippa Percy, Hannah Penty, Stacey Wyatt, Jaedyn Thompson, Elissa Strohmeier, Cassie Colbourne, Maria-Theresia Schrems, Jemma Mead, Tilly Wilde, Rosa Griffiths, Layla Ware, Chloe Palmer, Lusia Smith, Brooke Bland, Macy Waterhouse, Pippa Goodin"
128 (A),11:40,18,W Int 2X,semi-final,2,"Molly Dennis, Sophia Candy, Isabella Stewart, Francie O'Sullivan, Taylor Batchelor, Lily Hammond, Ruby Stonex, Maya Harold, Karai Taukiri, Cobie Middleton, Camryn Collinson, Tiia Cooke, Alyssa Wilson, Liesel Tolson, Sophia Su'a, Dulcie-Jean Paikea, Charlotte Alexander, Octavia Snelling"
129 (B),12:05,21,M Clb 1X,semi-final,1,"James Tiglao, Talisman Lloyd, Karlon Johnson, Tyler Nelson, Alexander Hattrell, George Nilsson, Patrick Spillane, Atanas Alipiev, Edward Baddeley"
130 (C),12:10,21,M Clb 1X,semi-final,2,"Ashton Clark, Josh Massingham, Merleau Moons, Johno O'Brien, Blake Leach, Aidan Bennett, George Moloney, Cameron Churchill, Brad Salthouse"
131 (D),12:50,26,M Int 2X,semi-final,1,"Jackson Evans, Didier Marx, Shiloh Ngapo-Sage, Tommy van Jaarsveld, Brad Salthouse, Craig Ford, Mathieu Williams, Kahukura Haggie, Quin Vivian, Ross Llaneta, Keegan Jordaan, Hunter Coleman, Jakob Rohrbach, Ike Newlands-Carter, Billy Chesby, Flynn Wheeler, Gabriel Greening, Samuel Gower"
132 (E),12:55,26,M Int 2X,semi-final,2,"Ashton Bell, William Griffin, Liam Martin, Blair Paterson, Michael Sadler, Connagh McCormack, Finley Taylor-Gill, Harrison McClintock, Logan Joubert, Zac Visser, Boston Irving-Dowling, Aidan Odocherty, Jesse Kingsnorth, Nat Dingle, Cole Brownlee, William Bowmar, Lewis Parker, Harrison White"
133 (F),13:35,41,M Clb 4X-,semi-final,1,"Jordan Hallett, Zac Visser, Joseph Dudson, Ross Llaneta, Quin Howard-Shi, Wesley Stark, Johnny Butler, Kayden Taufa, Jacob Harrison, Jed Tisdall, Ben Thompson, Dylan Acton, Roman Andrews, Xavier Roshan, Lachlan Dwyer, Henry Johnston, Hunter Marfell, Logan Flight, Zachary Jenkins, Aidan Bennett, Finley Taylor-Gill, Crue Ellis-Williams, Harrison McClintock, Alex Laurenson, Ashton Clark, Josh Massingham, Felix de Groot, Karlon Johnson, Connor Johnson, Dylan van Mil, Blake Leach, Cameron Churchill, Cameron McKay, William Clingin, Liam Harding, Alexander Jones"
134 (G),13:40,41,M Clb 4X-,semi-final,2,"Luka Mains-Upson, Jack McLellan, Brennan Keen, Max Smith, Xavier Warren, Achilles Paikea, Bryn Morgan, James Tiglao, Noa Visser, Liam Collins, Sam Clarke, Tim Chapman, Hamish Perry, Brody Leicester, Noah Prendergast, Jack Hurley, Mattias Everett, Jack Calcinai, Angus Denize, Jakob Kampenhout, Harry Booker, Ollie Hawkins, Ryan Flintoft, George Moloney, Tom Lieshout, Talisman Lloyd, Alex Fahey, Frank Ison, Sid McQueen, Guy Curry-Stanton, Sean O'Connor, Ted Henderson, Christian Lindsay, Patrick Hearn-Powers, Josh Cassidy, Blake Taylor"
135 (H),13:45,42,W Clb 1X,semi-final,1,"Frances Hazeldine, Tessa Chappell, Megan Ritchie, Lucy Gaston, Isla Westlake, Olivia Martin, Ayla Rowe, Maya Still, Brianna Paterson"
136 (I),13:50,42,W Clb 1X,semi-final,2,"Ava Stevens, Elizabeth Keddell, Emily Mogg, Dovey Mabey, Ayla Klein, Milan Teinakore, Tayler Gibbs, Aishling White, Poppie Balm"
137 (J),14:05,49,W Nov 4X+,semi-final,1,"Nina Nemcanin, Hannah Jurke, Sophia Scheper, Hannah Stephens, Isabella Sharp, Honor Hood, Macy Waterhouse, Lily Hannah Petrich, Pippa Goodin, Tiana Young, Lydia Helms, Gabrielle Robinson, Kate Muller, Ruby Murdoch, Aston Young, Sophia Kerwin, Danya Booth, Adela Slanarova, Lilee Lambe, Lauren Davies, Isabell Williamson, Minette Prinsloo, Zara Ford, Isabella Galvan, Robbie Miller, Tegan Smith, Amelia Crouch, Jade Paki, Casey Paki, Bobbie Wilson, Olivia Shailer, Indigo Coley, Charlee Wilson, Madeline Moore, Holly Gera, Samantha White, Amy Vickers, Ella Aldridge, Olivia Senila Filipo, Aurora Rogers-Scott, Peyton Brown, Jessie Springford, Meja Mason, Sarah Hansen, Charlie Scott"
138 (K),14:10,49,W Nov 4X+,semi-final,2,"Maeve Quinn, Gretta Keith, Orenia Williams, Evangeline McKinnon, Ruby Fuller, Bella Biggs, Charlotte Filer, Ruby Litherland, Hazel Laurence, Bruno Follett, Isabella Gobbie, Anika Sinclair, Kaleigh Morris, Keira Cocks, Olivia Lim, Willow Varcoe, Susie Moorhead, Katerina Carney, Lucy Porter, Molly Young, Hunter McLay, Summer Brosnan, Matilda Isbister, Grace Webster, Isla Kappely, Maya Denton, Katie Ye, Scarlett Richards, Meadhbh O'Farrell, Amy Robson, Charliee Burnett, Pippa McMillan, Milly Paterson, Anabel King, Greer Dickson, Molly Smith, Bernardita Hoyo Gibson, Beth Obrien, Gianna Alesich Sandford, Lily Saxon, Arabella Young, Leah Austin, Oxie Taylor, Zoe Hall, Ava Hosking"
139 (L),14:15,50,M Int 1X,semi-final,1,"Keegan Jordaan, Hunter Coleman, Zac Visser, Connagh McCormack, Angus Lovell, Jan Trupke, Craig Ford, Quin Vivian, Mathieu Williams, Flynn Wheeler"
140 (M),14:20,50,M Int 1X,semi-final,2,"Logan Joubert, Kahukura Haggie, Paul Wilson, Noah Layton, Aidan Odocherty, Nat Renouf, Ross Llaneta, Harrison White, Samuel Gower"
141 (N),14:25,51,W Int 1X,semi-final,1,"Cobie Middleton, Camryn Collinson, Rosa Griffiths, Amanda Badger, Isla Westlake, Maria-Theresia Schrems, Maya Harold, Annabel Shaw, Tiia Cooke"
142 (O),14:30,51,W Int 1X,semi-final,2,"Pippa Percy, Lily Hammond, Tilly Wilde, Tessa Thomson, Ayla Klein, Rose Morley, Lusia Smith, Jasmine Sieber, Brooke Bland"
145 (R),15:00,53,M Clb 2-,semi-final,1,"Rion Ormsby-Harris, Dillon Cable, Zach Peebles, Benjamin Rickard, Fergus Meredith, Toby Cleghorn, Zachary Jenkins, Aidan Bennett, Freddie Simons, Monty Neubert, Ryan Flintoft, Ollie Hawkins, Charlie Moon, Matthew Poulton, Lewis Brown, Theo Brown, William Thomas, Sam McAfee"
146 (S),15:05,53,M Clb 2-,semi-final,2,"Jakob Rohrbach, Ike Newlands-Carter, Ziggy Miller, Arlo Powell, Cooper Watt, Sam Overdevest, Merleau Moons, Johno O'Brien, Noah le Quellec, Barney Evans, Will Kale, Corin Brown, Hunter Marfell, Logan Flight, Sean O'Connor, Ted Henderson, Joshua Payne, Vaughn Cameron"
147 (T),15:10,56,M Snr 1X,semi-final,1,"Jake Newton, Joshua Lomas, Alexander Hattrell, Clayton Potts, Fynn Allison, Sebastian Fulton, Nathan Strachan, Harry Febery, Corben Campbell"
148 (U),15:15,56,M Snr 1X,semi-final,2,"Logan Docherty, Joshua Clark, Sam Barnett, Gerard Wall, James Hollard, Charlie Manser, Lewis Meates, Nicky Maxim, Luke Berquist"

DAY 3: Friday 20th February 2026
Race,Time,Event #,Event Type,Round,Division,Names
149 (A),08:25,1,M Clb 2X,final,B,"Wesley Stark, Johnny Butler, James Knottenbelt, Sean Brooks-Adams, Marc McDermott, Noa Visser, Sid McQueen, Guy Curry-Stanton, Noah Prendergast, Atanas Alipiev, Joshua Payne, Vaughn Cameron, Dylan van Mil, Connor Johnson, Hamish Perry, Jack Fuller, Kayden Taufa, Quin Howard-Shi"
150 (B),08:30,1,M Clb 2X,final,A,"Felix de Groot, Karlon Johnson, Oliver Kohlhase, Jack Hurley, Merleau Moons, Johno O'Brien, Harrison McClintock, Alex Laurenson, Sam Clarke, Tim Chapman, Blake Leach, Cameron Churchill, Wilson Gee, Tyler Nelson, Ben Thompson, Dylan Acton, Ryan Flintoft, Ollie Hawkins"
151 (C),08:40,2,W Clb 2X,final,B,"Elizabeth Keddell, Naiya Wolpert, Casey-Lee Baker, Asarina Johnson, Annabel Shaw, Frances Hazeldine, Keira Gilbert, Brittany Smith, Megan Ritchie, Sarah Ritchie, Te Aria Jackson, Ava Stevens, Arielle Smith, Corbin Radford, Tessa Chappell, Maiara Moimoi, Katie Chamberlain, Alexis Moody"
152 (D),08:45,2,W Clb 2X,final,A,"Lola Storey, Ruhi Powdrell, Ashley Pryor, Bella Neale, Amy Paterson, Lucy Clark, Tessa Thomson, Olivia Martin, Zara Blackie, Paige Tevita-Williams, Milan Teinakore, Jasmine Brake, Emer Bryant, Katharina Hoffmann, Caralie Hanna, Addison Jenkins, Jasmine Sieber, Emily Mogg"
153 (E),08:55,3,W Int 4+,final,B,"Shay Ostenberry, Sophia Scheper, Devon Farrelly, Madison Farrelly, Georgia Morris, Zara Cameron, Kayla Peters, Mele-'Ofa Isileli-Fo'Ou, Rebecca Klatt, Emily Tod, Maggie Denize, Bree Lamont, Nina Nemcanin, Hannah Stephens, Jordan Vosper"
154 (F),09:00,3,W Int 4+,final,A,"Bree Shaw, Isabell Williamson, Minette Prinsloo, Aimee Szulczewski, Robbie Miller, Mia Beavan, Emily Wright, Pippa Percy, Hannah Penty, Albert Swanepoel, Maddison Kennedy, Eve Singleton, Anabelle Sudfeldt, Elena Newman-Jacobs, Sarah Chain, Charlotte Alexander, Lexie Thompson, Mae Armstrong, Octavia Snelling, Selma Smith, Zara Ford, Nina McKay, Natalie Sherman, Isabella Galvan, Eliza O'Meagher, Jade Davies, April McGivern, Callie Gardner, Ruby McGivern, Samy Luckie, Millie Richardson, Dulcie-Jean Paikea, Sophia Su'a, Dempsey Schicker, Grace Hintz, Pip Scanlan, Harriet Heron, Jaedyn Thompson, Stacey Wyatt, Xanu van der Bank, Izzy Costar, Quinn Robinson, Naomi Lukic, Tiffany Robinson, Isla Brett-Chinnery"
155 (G),09:10,4,M Snr 2-,final,B,"Reuben Pope, Riley Russell, Henry Gavin, Mason Bowker, Finn Rayner, Liam Collins, Alex King, Freddie Eadie, Connor Brownlee, Benjamin Poulton, Logan Turrall, Louis Upton, Charlie Moon, Matthew Poulton"
156 (H),09:15,4,M Snr 2-,final,A,"George Young, Jake Burrowes, Sam Wilson, Scott Shackleton, Ben Allan, Bede Giera, Zachary Jenkins, Aidan Bennett, Jack Buckley, George Langley, Charlie Poulter, Luke Tompkins, Toby Robinson, William Mackintosh, George Nilsson, Nathan Kini, Freddie Simons, Monty Neubert"
157 (I),09:25,5,W Snr 2-,final,B,"Maclaine Stuart, Lexi Timpson, Sam Rankin, Hannah Wylie, Ellyce Smith, Setai Setoga"
158 (J),09:30,5,W Snr 2-,final,A,"Mila van Rensburg, Naomi Robertson, Charlotte Mawston, Maeve Lockett, Jenna-Lee Markgraaff, Frances Casey, Imogen Wallis, Jessica Walkinshaw, Amy Bryant, Kate Slyfield, Coco Flood, Phoebe Collier, Harriet Williams, Aine Leeson, Lilly Grant, Brooke Harper, Tyler Stewart, Isabelle Welch"
159 (K),09:40,6,W Prm 1X,final,B,"Rebecca Leigh, Charlize Tutbury"
160 (L),09:45,6,W Prm 1X,final,A,"Eva Hofmans, Sophie Egnot-Johnson, Olivia Hay, Stella Clayton-Greene, Alana Sherman, Veronica Wall, Kathryn Glen, Shakira Mirfin, Holly Chaafe"
161 (M),09:55,7,M Prm 1X,final,B,"Jack Henry, Daniel Taylor, Ryan Gass, Joshua Lomas"
162 (N),10:00,7,M Prm 1X,final,A,"Sebastian Fulton, Mathew King, Ben Olifiers, Finn Hamill, Oscar Ruston, Ben Mason, Karl Manson, Callum Tutbury, Tadhg Farac"
163 (O),10:10,8,M Int 4X+,final,B,"Gabriel Greening, Tayne Mael, Jesse Read, Samuel Gower, Mieke van Zyl, Hamish Brown, Liam van der Linde, Lewis Parker, Harrison White, Albert Swanepoel, Patrick Hearn-Powers, Geo Snelling, Jack Hall, Lachlan Barry, Isabella Sharp, Hohepa Henry, Luka Fife, Kade Calland, Mackenzie Finlay-Brazell, Jayden Wooller, Zachary Dorn, Liam Kaye, Charlie Cropper, Oscar Verry, Henry Cato, Flynn Powar, Aidan Taylor, Aidan Tod, Cameron White, Emily Tod"
164 (P),10:15,8,M Int 4X+,final,A,"Petar Sigurnjak, Cooper Cummins, Mathieu Williams, Kahukura Haggie, Abdu Esmaeil, Luca Marfell, Harrison Roberts, Harry Booker, Cooper Nichols, Zac McCall, William Griffin, Ashton Bell, Angus Lovell, Noah Layton, Charlie Scott, Boston Irving-Dowling, Ike Newlands-Carter, Jakob Rohrbach, Aidan Odocherty, Greer Dickson, Logan Joubert, Zac Visser, Quin Vivian, Ross Llaneta, Lauren Davies, James McBride, Liam Martin, Sam Randle, Blair Paterson, Rueben de La Rosa, Jackson Evans, Theodore Thomas, Cameron Abel, Corbin Newlands, Eliza O'Meagher, Doyong Um, Connor Mills, Edward Poole, Cameron McKay, Oscar Molloy, Callum McRobbie, Quinn Hookway, Mattias Tafto, Johan Joubert, Owain Brett-Chinnery"
165 (Q),10:25,9,W Nov 2X,final,B,"Jessie Springford, Meja Mason, Samantha White, Amy Vickers, Charlee Wilson, Raine Duncan, Adela Slanarova, Lilee Lambe, Honor Hood, Lily Hannah Petrich, Ella Aldridge, Olivia Senila Filipo, Amelia Crouch, Sophia Hodgson, Peyton Brown, Sarah Hansen"
166 (R),10:30,9,W Nov 2X,final,A,"Katerina Carney, Lucy Porter, Kate Muller, Gabrielle Robinson, Macy Waterhouse, Pippa Goodin, Willow Varcoe, Susie Moorhead, Casey Paki, Jade Paki, Anika Sinclair, Kaleigh Morris, Katie Ye, Maya Denton, Charliee Burnett, Leah Kofoed, Lydia Helms, Ruby Murdoch"
167 (S),10:45,10,M Nov 8+,final,A,"Paras Sehrawat, Robert Yang, Niello Sonnendecker, Judah Gilby-Stokes, Ahmed Aly, Hadi Xiehe, Fiachra Kelly, Jack Farmer, Seath Fourie, William Joseph, Ben McGregor, Joey Haywood, William Hartgill, Harrisen Eustace, Dehan Otto, Ben Russell, Zac Fitness, Bruno Follett, Wade Hornell, Hendrix McGowan, Luca Marie, Carter Turner-Ballantyne, Jonathan Smith, Stanley Foote, Kian Sonnendecker, Liam van Heuven, Logan Ollington, Lenox Hay-Vega, Edward Stoddard, Samuel Schofield, Samuel Richardson, Grady O'Sullivan, Blake Sheely, Oscar Keller, Tom Crowley, Cadyn Herbert, Finn O'Brien, Max Maher, Harry Fraser, Braeden Barden, Jack Brandts-Giesen, Jack Peters, Thomas Hunt, Will Vaughan, Ryan Slater"
168 (T),10:55,11,M Clb 4-,final,B,"Daniel Song, Callum Jarvis, Liam Harding, William Clingin, Cooper Watt, Sam Overdevest, Kenai Toni, Nathan Moore, Lachie Bowker, Antoneo van Deursen, Eddy Pollock, Dillon Cable, Liam Collins, Marc McDermott, Nat Renouf, Noa Visser, James Knottenbelt, Sean Brooks-Adams, Samuel Osborne, Xavier Simpkins, Alexander Jones, Benjamin Davison, Thomas Clingin, Fergus Meredith, Talon Grellman-May, Reuben Pope, Riley Russell, Josh Massingham, William Thomas, William Currie, Joseph Ritchie, Sam McAfee"
169 (U),11:00,11,M Clb 4-,final,A,"Guy Curry-Stanton, Sid McQueen, Sean O'Connor, Ted Henderson, Xavier Warren, Achilles Paikea, Edward Sanderson, Joseph Dudson, Ashton Corkery, Barney Evans, Noah le Quellec, Coby Goode, Hunter Marfell, Logan Flight, Zachary Jenkins, Aidan Bennett, Tom Lieshout, Alex Fahey, Henry Johnston, Frank Ison, Jackson Metuangaro, Arthur Yeoward, James Brake, Toby Cleghorn, Ziggy Miller, Liam Fox, Brad Salthouse, Arlo Powell, George Wilson, Flynn Grace, George Kinder, Bruno Dooley, Charlie Moon, Thomas Lander, Rion Ormsby-Harris, William Peoples"
170 (V),11:15,12,W Clb 8+,final,A,"Lucinda Day, Ada Findlow, Olivia Bethell, Isabella Turner, Mika James, Alba Erikson, Genevieve Fail, Elizabeth Hawksbee, Amelia Self, Kate Spriggs, Charlotte Crosbie, Micah Pyle, Ellie King, Niamh Odocherty, Charlotte McKenzie, Drew Thomas, Ayala Cunningham, Kate Baskerville, Eden Hogg, Sacha van der Net, Georgia Thorpe, Lily Dwyer, Madeline Donovan, Emma Curnow, Izzy Karim, Lilah Martin, Ashlee Bourke, Phoebe Burden, Julia Middleditch, Sienna Godfrey-Chatterton, Courtney Prebble, Kate Ryall, Emma Gardiner, Olivia Studholme, Jessica Rankin, Ashlee Tacon, Emer Bryant, Lola Ritchie, Amy Paterson, Jemma Mead, Perri Stevenson, Ella Barnes, Macey Barnes, Lucy Clark, Fred Phillips, Jorjia Field, Thea Mace, Sarah Healy, Eva McGivern, Georgia Kendrick, Arielle Smith, Lily Ashton, Lily Johnson, Zara Morris, Savannah Freeman, Ava Woodbury-Rinkle, Lucy Gaston, Savanna Bourke, Grace Farrell, Rose Morley, Amber Church, Ashley Pryor, George Mackintosh, Octavia Snelling, Lexie Thompson, Charlotte Alexander, Mae Armstrong, Lola Storey, Maddie Wellington, Gracie Marshall-McCaskey, Ruhi Powdrell, Selma Smith"
171 (W),11:25,13,M Snr 2X,final,B,"Sam Williams, Oliver Kohlhase, Harry Febery, Jameson McConnochie, Benjamin Lee, Frederick Mulford, Matthew Ryder, Justin Smyth, Joseph Bates, James Wlodarczak, Corben Campbell, Blake Cooper, Jayden King, Jasper Maling"
172 (X),11:30,13,M Snr 2X,final,A,"James Hollard, Luke Berquist, Payo O'Sullivan, Jimmy Middleditch, Matthew O'Meara, Henry Clatworthy, Clayton Potts, Liam Cox, Harry Lightfoot, Charlie Manser, Luke Brock, Fynn Allison, Josh Bartlett, Hamish Yeatman, Nathan Strachan, Ash Schutz, Sam Johnston, Flynn Mercer"
173 (Y),11:40,14,W Snr 2X,final,B,"Jemima Glaholm, Kate Stewart"
174 (Z),11:45,14,W Snr 2X,final,A,"Sadie Mason, Thea Murdie, Jasmine Brake, Holly Chaafe, Olivia Piebenga, Millie Scott, Angalla Carney, Tegan O'Dwyer, Madison Neale, Bella Breen, Emma Spittle, Olivia Key, Tessa Thomson, Olivia Martin, Mila van Rensburg, Naomi Robertson, Sophie Jones, Constance Stirling"
175 (A),12:00,15,W Prm 2-,final,A,"Isobel Eliadis-Watson, Katie Lush, Isla Blake, Ella Cossill, Lucy Burrell, Alice Fahey, Hannah Matehaere, Juliette Lequeux, Rebecca Leigh, Alana Sherman"
176 (B),12:10,16,M Prm 2-,final,B," - - CANCELLED - -"
177 (C),12:15,16,M Prm 2-,final,A,"Jack Pearson, Arie Magasiva, Henry Kirk, Matthew Glen, Campbell Crouch, Joshua Vodanovich, Oliver Welch, Ben Taylor, Harry Fitzpatrick, Fred Vavasour, Karl Manson, Finn Hamill, Charles Beale, Alex Fletcher, Blake Bradshaw, Ethan Blight, Jack Cooper, Joshua Gordon"
178 (D),12:30,17,M Int 8+,final,A,"Matthew Hanley, Max Erueti-Charters, Enzo Nola, Piet Dainty, Elijah Rudsits, Tom Tracy, Orlando Barden Webb, Tommy Landells, Monty Simpkins, Flynn Powar, Aidan Taylor, Aidan Tod, Callum McRobbie, Cameron White, Quinn Hookway, Mattias Tafto, Johan Joubert, Owain Brett-Chinnery, Jackson Evans, Ike Newlands-Carter, Jakob Rohrbach, Theodore Thomas, Cameron Abel, Corbin Newlands, Nat Renouf, Didier Marx, Timmy Heritage, Nate Dwyer, James McBride, Toby Wheeler, Blair Paterson, Sam Randle, Liam Martin, Blake Kelly, Xavier Roshan, Rueben de La Rosa, Paras Sehrawat, Benny Baigent, Jonathan Smith, Hohepa Henry, Mackenzie Finlay-Brazell, Carter Turner-Ballantyne, Kade Calland, Luka Fife, Chase McIntyre, Ethan Grooby, Liam Jefferys, Blake Simcock, Mitchell Kilmister, Iain Scotcher, Lachlan Barry, Jack Hall, Geo Snelling, Isabella Sharp, Josiah Fuiava, Joel Sidoruk, Hugh Friedericksen, Zachary Horton, Patrick Innes, Kristoffer Wilkening, Solomon Jacob, Jack Simeon, Henry Ryan"
179 (E),12:40,18,W Int 2X,final,B,"Charlotte Alexander, Octavia Snelling, Layla Ware, Chloe Palmer, Alyssa Wilson, Liesel Tolson, Sophia Su'a, Dulcie-Jean Paikea, Pippa Percy, Hannah Penty, Pippa Ryder, Ashlee Walden, Stacey Wyatt, Jaedyn Thompson, Molly Dennis, Sophia Candy, Macy Waterhouse, Pippa Goodin"
180 (F),12:45,18,W Int 2X,final,A,"Lusia Smith, Brooke Bland, Ruby Stonex, Maya Harold, Elissa Strohmeier, Cassie Colbourne, Maria-Theresia Schrems, Jemma Mead, Taylor Batchelor, Lily Hammond, Isabella Stewart, Francie O'Sullivan, Tilly Wilde, Rosa Griffiths, Camryn Collinson, Tiia Cooke, Karai Taukiri, Cobie Middleton"
181 (G),12:55,19,W Nov 4+,final,B,"Sophia Hodgson, Jessica Cowie, Indigo Coley, Olivia Shailer, Emma Wilkins, Hannah Jurke, Nina Nemcanin, Sophia Scheper, Hannah Stephens, Georgia Morris, Meadhbh O'Farrell, Beth Obrien, Molly Smith, Gianna Alesich Sandford, Olivia Lim, Zoe Hall, Oxie Taylor, Rosa Evennett, Jess Excell, Ava Hosking, Lexi Falconer, Arabella Young, Caela Antipas, Aramahea Walker, Elizabeth Keddell, Sothea Steed, Zara Sudfeldt, Charlee Wilson, Raine Duncan, Bobbie Wilson"
182 (H),13:00,19,W Nov 4+,final,A,"Ula Chan, Greer Wallace, Janie McGregor, Vida Carney-McKnight, Molly Young, Charliee Burnett, Milly Paterson, Kaiah Rawson, Leah Kofoed, Isla Kappely, Isabella Gobbie, Bernardita Hoyo Gibson, Kaleigh Morris, Keira Cocks, Lily Saxon, Zara Ford, Isabell Williamson, Natalie Sherman, Isabella Galvan, Isabella-Hope Murray, Hunter McLay, Summer Brosnan, Matilda Isbister, Grace Webster, Greer Dickson, Maya Denton, Katie Ye, Scarlett Richards, Bee Townsend, Ashlee Bourke, Tegan Smith, Madeline Moore, Casey Paki, Jade Paki, Holly Gera, Sophia Kerwin, Danya Booth, Adela Slanarova, Lilee Lambe, Grace Hintz, Bella Biggs, Charlotte Filer, Ruby Litherland, Hazel Laurence, Scarlett Westaway"
183 (I),13:15,20,Opn 1X (P) [1000m],final,A,"Naomi Carter, Pita Shelford, Anthony Spijkerman, Gavin Foulsham"
183 (I),13:15,20I,I 1X (P) [1000m],final,A,"Toby Ireland, Zoe Penny"
184 (J),13:25,21,M Clb 1X,final,B,"Josh Massingham, Karlon Johnson, Josh Cassidy, Johnny Butler, Blake Leach, Ashton Clark, Cameron Churchill, James Tiglao, Brad Salthouse, Atanas Alipiev"
185 (K),13:30,21,M Clb 1X,final,A,"Aidan Bennett, George Moloney, Merleau Moons, Johno O'Brien, Tyler Nelson, Alexander Hattrell, Talisman Lloyd, Patrick Spillane, Edward Baddeley"
186 (L),13:40,22,W Clb 4X-,final,B,"Dovey Mabey, Tana Godfrey, Lola Eilering, Siina Cooke, Casey-Lee Baker, Asarina Johnson, Tessa Chappell, Maiara Moimoi, Kate Spriggs, Drew Thomas, Micah Pyle, Ayala Cunningham, Taylor Batchelor, Teana Rangihika, Tayler Gibbs, Lily Hammond, Nadia Turner, Antonia Shaw, Megan Sherrard, Corbin Radford"
187 (M),13:45,22,W Clb 4X-,final,A,"Charlotte Crosbie, Perri Stevenson, Niamh Odocherty, Lola Ritchie, Ashley Pryor, Lucy Gaston, Rose Morley, Bella Neale, Brittany Smith, Amanda Badger, Milan Teinakore, Jasmine Brake, Lucy Cottier, Paige Tevita-Williams, Zara Blackie, Emily Young, Emer Bryant, Amy Paterson, Lucy Clark, Katharina Hoffmann, Caralie Hanna, Bailey Barnett, Ruby Bullock, Addison Jenkins, Lily Johnson, Georgia Kendrick, Arielle Smith, Lily Ashton, Maddie Wellington, Gracie Marshall-McCaskey, Lola Storey, Ruhi Powdrell, Annabel Shaw, Frances Hazeldine, Jasmine Sieber, Emily Mogg"
188 (N),14:00,23,M Nov 4X+,final,A,"Blake Taylor, William Taylor, George Lieshout, Lukas Tafto, Isla Brett-Chinnery, Harrisen Eustace, Dehan Otto, Ben Russell, Zac Fitness, Bruno Follett, Julian Cardinal, Jason Hughes, Jonty Putwain, Kirwan Penny, Dylan Penny, Jacob Marsden, Rico Ivamy, Harper Faire-Barlow, Alaric Bulling, Jonty Waites, Callum Morgan, Jacob Larsen, David Strobel, Milo Weber, Lauren Davies, Tom Crowley, Oscar Keller, Blake Sheely, Grady O'Sullivan, Mason Seator, Lenox Hay-Vega, Edward Stoddard, Samuel Schofield, Samuel Richardson, Aston Young, Will Vaughan, Harry Fraser, Thomas Hunt, Braeden Barden, Liam Lawrence, John Dodds, Joey Haywood, William Hartgill, Henry Cato, Charlie Scott"
189 (O),14:15,24,W Snr 8+,final,A,"Julia Middleditch, Thea Murdie, Courtney Prebble, Imogen Boxall, Kate Ryall, Sienna Godfrey-Chatterton, Elke Thursten, Sadie Mason, Ashlee Tacon, Ryan Woods, Keava Burrough, Victoria Melville, Alexandra Hull, Kate Slyfield, Lucy Turnbull, Pippa Melville, Amy Bryant, Kiri Ormsby, Emily Ryall, Lilly Grant, Coco Flood, Aine Leeson, Jessica Tavendale, Harriet Williams, Phoebe Collier, Georgie Bethell, Timmy Heritage, Lexi Timpson, Maclaine Stuart, Tegan O'Dwyer, Pippa Dixon, Frances Casey, Angalla Carney, Molly McClintock, Jenna-Lee Markgraaff, Hunter Rowland, Millie Scott, Maggie Hepburn, Bella Breen, Ruby Smith, Olivia Piebenga, Ella Barnes, Macey Barnes, Emma Spittle, Fred Phillips, Sam Rankin, Hannah Wylie, Abbie Higgins, Teagan Smith, Tyler Stewart, Isabelle Welch, Sasha Delman, Brooke Harper, Isabella-Hope Murray"
190 (P),14:30,25,M Snr 8+,final,A,"Alex King, Louis Upton, Logan Turrall, Nathan Kini, Jackson Compain, Freddie Eadie, George Nilsson, Xavier Simpkins, Oliver Horton, Finlay Dickens, Marcus Downie, Lewis Brown, James Brake, Jack Buckley, Tadhg Farac, Callum Booth, George Langley, Harry Molloy, Sebastian Fulton, Mason Bowker, Finn Rayner, Ethan Steyn, Connor Brownlee, Liam Collins, Charles Beale, Benjamin Poulton, Annabelle Scott, Sam Wilson, Ted Mayne, Josh Syme, Fergus Johnston, Bede Giera, Matthew Glen, Harry Galvan, Scott Shackleton, Annabel Wynn-Williams, Angus Loe, Harry Lightfoot, Sebastian Watson, Luke Brock, Josh Bartlett, Lewis Meates, Oliver Hamilton, Harrison Thode, Kate Baskerville, Sammy Taylor, Jake Peacocke, James Yeoman, Charlie Field, Josh Haskell, Patrick Sandlant, Jack Reid, Marcus Macleod, Ayden Miller, Runping Bai, Ben McNae, Cash Filipo, Hudson Rillstone, Rory Bourke, Jayden Ward, Nicholas Bourne, Elfie Piper, Tory Arnold, Toby Robinson, Joshua Clark, Payo O'Sullivan, William Mackintosh, George Johnson, Ben Allan, Charlie Poulter, Luke Tompkins, Eliza O'Meagher, George Wilson, Lawrence Birch, George Kinder, Jake Burrowes, George Young, Coby Goode, Ashton Corkery, Logan Freshwater, Grayson Faulkner"
191 (Q),14:40,26,M Int 2X,final,B,"Ashton Bell, William Griffin, Cole Brownlee, William Bowmar, Billy Chesby, Flynn Wheeler, Jackson Evans, Didier Marx, Boston Irving-Dowling, Aidan Odocherty, Jesse Kingsnorth, Nat Dingle, Lewis Parker, Harrison White, Shiloh Ngapo-Sage, Tommy van Jaarsveld, Harry Booker, Cooper Nichols"
192 (R),14:45,26,M Int 2X,final,A,"Michael Sadler, Connagh McCormack, Logan Joubert, Zac Visser, Liam Martin, Blair Paterson, Finley Taylor-Gill, Harrison McClintock, Quin Vivian, Ross Llaneta, Jakob Rohrbach, Ike Newlands-Carter, Brad Salthouse, Craig Ford, Mathieu Williams, Kahukura Haggie, Keegan Jordaan, Hunter Coleman"
193 (S),14:50,27E,Mx Clb 8+ (E),final,A,"Zara Blackie, Paige Tevita-Williams, Lucy Cottier, Emily Young, Roman Andrews, Xavier Roshan, Henry Johnston, Lachlan Dwyer, Ryan Slater, Georgia Thorpe, Lily Dwyer, Alexander Jones, Daniel Song, Liam Harding, William Clingin, Madeline Donovan, Eden Hogg, Oscar Molloy, Nathan Moore, Kenai Toni, Casey-Lee Baker, Maiara Moimoi, Sam Overdevest, Cooper Watt, Tessa Chappell, Asarina Johnson, Benjamin Cattle, Zoe Hall, Oxie Taylor, Elizabeth Keddell, Naiya Wolpert, Christopher Dyer, Benna Webster, Liam Jefferys, Mitchell Kilmister, Ava Hosking, Poppy Clarke, Awatea Wallace, Sid McQueen, Guy Curry-Stanton, Ted Henderson, Sean O'Connor, Tessa Thomson, Olivia Martin, Selma Smith"
194 (T),15:00,28,W Prm 2X,final,A,"Juliette Lequeux, Hannah Matehaere, Kathryn Glen, Stella Clayton-Greene, Lucy Spoors, Brooke Francis, Olivia Hay, Veronica Wall, Shakira Mirfin, Sophie Egnot-Johnson, Amelia Barrell, Mollie Nicol, Charlize Tutbury, Sasha Robinson"
195 (U),15:15,29,M Prm 2X,final,A,"Alex Fletcher, Ryan Gass, Mathew King, Jack Pearson, Zackary Rumble, Ben Mason, Oscar Ruston, Joshua Vodanovich, Arie Magasiva, Callum Tutbury, Karl Manson, Ben Olifiers"

DAY 4: Saturday 21st February 2026
Race,Time,Event #,Event Type,Round,Division,Names
196 (A),08:30,30,W Int 8+,final,A,"Shay Ostenberry, Nina Nemcanin, Hannah Jurke, Maggie Denize, Sophia Scheper, Madison Farrelly, Devon Farrelly, Hannah Stephens, Georgia Morris, Naomi Lukic, Quinn Robinson, Izzy Costar, Tiffany Robinson, Mele-'Ofa Isileli-Fo'Ou, Kayla Peters, Zara Cameron, Rebecca Klatt, Owain Brett-Chinnery, Zahra Abeysekera, Aimee Szulczewski, Bree Shaw, Isabell Williamson, Minette Prinsloo, Nina McKay, Zara Ford, Isabella Galvan, Annabel Wynn-Williams, Amelia Brown, Elsie Fenwick, Heidi Kampenhout, Jemma Burke, Molly Scott, Meg Cannon, Lily Gundesen, Emilia Hickey, Harry Lorentsson, Anabelle Sudfeldt, Eve Singleton, Megan Sherrard, April McGivern, Jade Davies, Callie Gardner, Ruby McGivern, Elena Newman-Jacobs, Zara Morris, Abigail Parker, Tara Krishnan, Zoe Collins, Emily Wright, Maddy Knapp, Pippa Percy, Mia Beavan, Hannah Penty, Albert Swanepoel, Lusia Smith, Annika Willumsen, Mauri Crompton, Harriet Heron, Pip Scanlan, Jaedyn Thompson, Stacey Wyatt, Brooke Bland, Xanu van der Bank"
198 (C),08:45,31,M Clb 8+,final,A,"Jack McLellan, Brennan Keen, Luka Mains-Upson, Jed Tisdall, Dylan Acton, Ben Thompson, Jacob Harrison, Max Smith, Kate Baskerville, Tyler Warren, Will Iversen, Oliver Poppelwell, Conor Irwin, Finn Thompson, Oscar Innes, Henry Mahon, Benson Edwards, Charles Lewis, Thomas Clingin, Jackson Metuangaro, Callum Jarvis, Benjamin Davison, Arthur Yeoward, James Brake, Fergus Meredith, Toby Cleghorn, Jacob Avery, Coby Goode, George Wilson, Flynn Grace, George Kinder, Ashton Corkery, Barney Evans, Noah le Quellec, Bruno Dooley, Grayson Faulkner, Roman Andrews, Xavier Roshan, Sam Randle, Alex Fahey, Tom Lieshout, Lachlan Dwyer, Henry Johnston, Frank Ison, Ryan Slater, Charlie Moon, William Peoples, Finley Taylor-Gill, Thomas Lander, Gerard Wall, Matthew Poulton, Crue Ellis-Williams, Ethan Claridge, George Mackintosh, Bennett Mareroa, Alex Jonkers, Gaebriel Gamble, Oliver Chapman-Worthy, Nathan Carter, Jayden Calland, Will Clapcott, Cooper McLean, Chase McIntyre, Nicholas Bates, Alexander Mitchell, Oliver Wells, Fletcher Blewman, Isaac Penny, Oliver Goldfinch, Zaheer Kalaam, Mitchell Barton, Michael Jurgensen, William Thomas, Sam McAfee, Joseph Ritchie, Cameron Abel, Corbin Newlands, William Currie, Theodore Thomas, Didier Marx, Robbie Miller"
199 (D),08:55,32,W Clb 2-,final,B,"Terani Emose, Elise Callaghan, Ava Stevens, Amanda Horne, Thea Mace, Lily Johnson, Katie Chamberlain, Hinemoa Haak, Jorjia Field, Lily Ashton, Poppy Clarke, Awatea Wallace"
200 (E),09:00,32,W Clb 2-,final,A,"Macey Barnes, Ella Barnes, Olivia Studholme, Emma Gardiner, Georgia Kendrick, Eva McGivern, Sacha van der Net, Emma Curnow, Imogen Wallis, Jessica Walkinshaw, Charlie Fitzgerald, Imogen Hille, Savannah Freeman, Ava Woodbury-Rinkle, Lilah Martin, Izzy Karim, Phoebe Burden, Jessica Rankin"
201 (F),09:15,33,M Nov 4+,final,A,"Jacob Marsden, Rico Ivamy, Harper Faire-Barlow, Alaric Bulling, Jonty Waites, Scott Novak, Antoine Ellis, Toby Kleinsman Leusink Hill, Aidan Patterson, Georgia Morris, William Dobbs, Edward Poole, Luciano Pouwels, Ethan Winson, Oscar Molloy, Luca Marie, Stanley Foote, Kian Sonnendecker, Liam van Heuven, Tory Arnold, Jayden Antrobus, Sam Ryan, Caleb Wright, Christopher Edgar, Marcus Coatsworth, Eli Ah Ping, Joseph Langley, Benson Watt, Liam Coutts, Braxton Klenner, Callum Morgan, Jacob Larsen, David Strobel, Milo Weber, Grace Hintz, Fiachra Kelly, Jack Farmer, Wade Hornell, Hendrix McGowan, Jayden Wooller, Blake Taylor, Lukas Tafto, George Lieshout, William Taylor, Emily Tod"
202 (G),09:30,34,W Snr 4X-,final,A,"Sophie Jones, Constance Stirling, Tessa Thomson, Olivia Martin, Abbie Higgins, Teagan Smith, Sadie Mason, Thea Murdie, Jemima Glaholm, Kate Stewart, Bella Neale, Sasha Robinson, Maggie Hepburn, Ruby Smith, Madison Neale, Bella Breen, Millie Scott, Olivia Piebenga, Olivia Key, Emma Spittle, Angalla Carney, Molly McClintock, Amelia Barrell, Tegan O'Dwyer, Caralie Hanna, Bailey Barnett, Ruby Bullock, Addison Jenkins, Jordyn Curran, Tana Godfrey, Lola Eilering, Siina Cooke"
203 (H),09:40,35,M Snr 4X-,final,B," - - CANCELLED - -"
204 (I),09:45,35,M Snr 4X-,final,A,"Patrick Spillane, Logan Docherty, Sam Johnston, Flynn Mercer, Sam Williams, Oliver Kohlhase, Clayton Potts, Liam Cox, Sebastian Watson, Oliver Hamilton, Josh Bartlett, Harrison Thode, Jimmy Middleditch, George Johnson, Payo O'Sullivan, Luke Tompkins, Harry Lightfoot, Charlie Manser, Matthew O'Meara, Henry Clatworthy, Sam Barnett, Lewis Meates, Luke Brock, Fynn Allison, Justin Smyth, Matthew Ryder, James Hollard, Luke Berquist, Lawrence Birch, Charlie Poulter, Joshua Clark, Logan Freshwater, Nathan Strachan, Corben Campbell, Ash Schutz, Blake Cooper"
205 (J),10:00,36,W Prm 4-,final,A,"Isla Blake, Ella Cossill, Mollie Nicol, Alana Sherman, Isobel Eliadis-Watson, Rebecca Leigh, Eva Hofmans, Katie Lush"
206 (K),10:15,37,M Prm 4-,final,A,"Zackary Rumble, Ted Mayne, Oliver Welch, Ben Taylor, Oscar Ruston, Finn Hamill, Joshua Vodanovich, Campbell Crouch, Sam Wilson, Matthew Glen, Henry Kirk, Scott Shackleton"
207 (L),10:30,38,W Nov 8+,final,A,"Evangeline McKinnon, Gretta Keith, Lydia Helms, Gabrielle Robinson, Orenia Williams, Maeve Quinn, Kate Muller, Ruby Murdoch, Cadyn Herbert, Bella Biggs, Hazel Laurence, Greer Wallace, Ruby Litherland, Ula Chan, Lucy Porter, Janie McGregor, Vida Carney-McKnight, Molly Young, Tegan Smith, Olivia Shailer, Sothea Steed, Indigo Coley, Amelia Crouch, Madeline Moore, Casey Paki, Jade Paki, Holly Gera, Pippa McMillan, Anabel King, Kaiah Rawson, Milly Paterson, Hunter McLay, Summer Brosnan, Matilda Isbister, Grace Webster, Greer Dickson, Sian Pardoe, Liv Pardoe, Ella Raath, Holly Nilsson, Izzy Thorne, Hayley Sherwin, Emily Barclay, Holly Calcinai, Katie McKean, Molly Smith, Gianna Alesich Sandford, Anika Sinclair, Beth Obrien, Isabella Gobbie, Bernardita Hoyo Gibson, Kaleigh Morris, Keira Cocks, Ashlee Bourke, Leah Austin, Bree Lamont, Caela Antipas, Aramahea Walker, Zoe Hall, Oxie Taylor, Rosa Evennett, Jess Excell, Ava Hosking, Florence Gillespie, Charlotte Filer, Peyton Brown, Sarah Hansen, Pippa Winchester, Lucinda Howard, Jessie Springford, Meja Mason, Scarlett Westaway"
208 (M),10:40,39,W Int 4X+,final,B,"Faye Yao, Jordan Vosper, Maggie Denize, Hannah Jurke, Nina Nemcanin, Tara Krishnan, Abigail Parker, Maddy Knapp, Zoe Collins, Albert Swanepoel, Mauri Crompton, Lusia Smith, Annika Willumsen, Harriet Heron, Aston Young, Mila Kohlhase, Lucy Cameron, Emma Prendergast, Alara Thomson, Mason Seator, Charlotte Alexander, Lexie Thompson, Mae Armstrong, Octavia Snelling, Selma Smith, Tiana Young, Lily Hannah Petrich, Molly Dennis, Sophia Candy, Macy Waterhouse, Anabelle Sudfeldt, Maddison Kennedy, Eve Singleton, Karai Taukiri, Sarah Chain, Shay Ostenberry, Sophia Scheper, Devon Farrelly, Madison Farrelly, Georgia Morris"
209 (N),10:45,39,W Int 4X+,final,A,"Layla Ware, Chloe Palmer, Ruby Stonex, Maya Harold, Tana Godfrey, Liesel Tolson, Maria-Theresia Schrems, Alyssa Wilson, Jemma Mead, Fred Phillips, Keira Gilbert, Brittany Smith, Bee Townsend, Amanda Badger, Pieta Cumming, Sarah Healy, Megan Sherrard, Cobie Middleton, Elena Newman-Jacobs, Zara Morris, Elissa Strohmeier, Isabella Stewart, Francie O'Sullivan, Cassie Colbourne, Ruby Fuller, Millie Richardson, Dulcie-Jean Paikea, Sophia Su'a, Dempsey Schicker, Grace Hintz, Jade Davies, April McGivern, Callie Gardner, Ruby McGivern, Samy Luckie, Ashlee Walden, Camryn Collinson, Pippa Ryder, Tiia Cooke, Jordyn Curran, Jaedyn Thompson, Pip Scanlan, Stacey Wyatt, Brooke Bland, Xanu van der Bank"
210 (O),11:00,40,M Int 4+,final,A,"Cooper Cummins, Tayne Mael, Jesse Read, Petar Sigurnjak, Mieke van Zyl, Flynn Powar, Callum McRobbie, Cameron White, Johan Joubert, Owain Brett-Chinnery, Samuel Sapsford, Brodie Scott, Billy Chesby, Flynn Wheeler, Atawhai Mills, William Griffin, Ashton Bell, Angus Lovell, Noah Layton, Charlie Scott, Cameron Abel, Theodore Thomas, Corbin Newlands, Didier Marx, Isabella-Hope Murray, Henry Morgan, James Burt, Samuel Osborne, Will Iversen, Caitlin Lawrence, Iain Scotcher, Lachlan Barry, Jack Hall, Geo Snelling, Isabella Sharp, Blake Simcock, Toby Ireland, Liam Jefferys, Mitchell Kilmister, Naiya Wolpert, Aidan Tod, Aidan Taylor, Mattias Tafto, Quinn Hookway, Isla Brett-Chinnery"
211 (P),11:10,41,M Clb 4X-,final,B,"Cameron McKay, William Clingin, Liam Harding, Alexander Jones, Connor Johnson, Dylan van Mil, Blake Leach, Cameron Churchill, Jordan Hallett, Zac Visser, Joseph Dudson, Ross Llaneta, Ashton Clark, Josh Massingham, Felix de Groot, Karlon Johnson, Harry Booker, Ollie Hawkins, Ryan Flintoft, George Moloney, Sid McQueen, Guy Curry-Stanton, Sean O'Connor, Ted Henderson, Quin Howard-Shi, Wesley Stark, Johnny Butler, Kayden Taufa, Luka Mains-Upson, Jack McLellan, Brennan Keen, Max Smith, Christian Lindsay, Patrick Hearn-Powers, Josh Cassidy, Blake Taylor"
212 (Q),11:15,41,M Clb 4X-,final,A,"Xavier Warren, Achilles Paikea, Bryn Morgan, James Tiglao, Tom Lieshout, Talisman Lloyd, Alex Fahey, Frank Ison, Noa Visser, Liam Collins, Sam Clarke, Tim Chapman, Hamish Perry, Brody Leicester, Noah Prendergast, Jack Hurley, Jacob Harrison, Jed Tisdall, Ben Thompson, Dylan Acton, Hunter Marfell, Logan Flight, Zachary Jenkins, Aidan Bennett, Roman Andrews, Xavier Roshan, Lachlan Dwyer, Henry Johnston, Finley Taylor-Gill, Crue Ellis-Williams, Harrison McClintock, Alex Laurenson, Mattias Everett, Jack Calcinai, Angus Denize, Jakob Kampenhout"
213 (R),11:25,42,W Clb 1X,final,B,"Poppie Balm, Aishling White, Brianna Paterson, Tayler Gibbs, Elizabeth Keddell, Ava Stevens, Ayla Rowe, Maya Still, Xanthe Hedley"
214 (S),11:30,42,W Clb 1X,final,A,"Emily Mogg, Milan Teinakore, Dovey Mabey, Ayla Klein, Isla Westlake, Olivia Martin, Lucy Gaston, Tessa Chappell, Frances Hazeldine"
215 (T),11:45,43,W Prm 4X-,final,A,"Veronica Wall, Eva Hofmans, Holly Chaafe, Sophie Jones, Millie Scott, Olivia Piebenga, Madison Neale, Bella Breen, Amelia Barrell, Charlize Tutbury, Tegan O'Dwyer, Sophie Egnot-Johnson, Kathryn Glen, Hannah Matehaere, Emma Spittle, Mollie Nicol, Olivia Hay, Rebecca Leigh, Sasha Robinson, Sadie Mason"
216 (U),12:00,44,M Prm 4X-,final,A,"Callum Tutbury, Karl Manson, Ben Olifiers, Finn Hamill, Hamish Yeatman, Luke Brock, Mathew King, Jack Pearson, Charlie Manser, Henry Clatworthy, Harry Lightfoot, Matthew O'Meara, Arie Magasiva, George Johnson, Ryan Gass, Alex Fletcher, Ben Mason, Henry Kirk, Jimmy Middleditch, Payo O'Sullivan"
217 (V),12:15,45,W Snr 4-,final,A,"Tyler Stewart, Brooke Harper, Sasha Delman, Isabelle Welch, Lilly Grant, Emily Ryall, Aine Leeson, Harriet Williams, Coco Flood, Jessica Tavendale, Phoebe Collier, Georgie Bethell, Maeve Lockett, Charlotte Mawston, Jessica Walkinshaw, Imogen Wallis, Jenna-Lee Markgraaff, Molly McClintock, Pippa Dixon, Frances Casey, Maclaine Stuart, Lexi Timpson, Setai Setoga, Ellyce Smith, Sam Rankin, Imogen Boxall, Elke Thursten, Hannah Wylie"
218 (W),12:30,46,M Snr 4-,final,A,"Finlay Dickens, Marcus Downie, Lewis Brown, Theo Brown, Alex King, Nathan Kini, George Nilsson, Freddie Eadie, Josh Syme, Fergus Johnston, Harry Galvan, Ted Mayne, Toby Robinson, William Mackintosh, Ben Allan, Bede Giera, Tadhg Farac, Jack Buckley, Callum Booth, George Langley, Frederick Mulford, Benjamin Lee, Joseph Bates, James Wlodarczak, Connor Brownlee, Liam Collins, Charles Beale, Benjamin Poulton, Lawrence Birch, Jake Burrowes, George Young, Logan Freshwater, Henry Gavin, Mason Bowker, Finn Rayner, Ethan Steyn"
221 (Z),12:45,48I,I 2X (P) [1000m],final,A,"Angus Denize, Pita Shelford, Lily Gundesen, Naomi Carter, Finnegan Jones, Toby Ireland, Poppy Hawkins, Zoe Penny"
222 (A),12:55,49,W Nov 4X+,final,B,"Maeve Quinn, Gretta Keith, Orenia Williams, Evangeline McKinnon, Ruby Fuller, Peyton Brown, Jessie Springford, Meja Mason, Sarah Hansen, Charlie Scott, Samantha White, Amy Vickers, Ella Aldridge, Olivia Senila Filipo, Aurora Rogers-Scott, Maya Denton, Katie Ye, Scarlett Richards, Meadhbh O'Farrell, Amy Robson, Bella Biggs, Charlotte Filer, Ruby Litherland, Hazel Laurence, Bruno Follett, Nina Nemcanin, Hannah Jurke, Sophia Scheper, Hannah Stephens, Isabella Sharp, Arabella Young, Leah Austin, Oxie Taylor, Zoe Hall, Ava Hosking, Olivia Shailer, Indigo Coley, Charlee Wilson, Madeline Moore, Holly Gera"
223 (B),13:00,49,W Nov 4X+,final,A,"Willow Varcoe, Susie Moorhead, Katerina Carney, Lucy Porter, Molly Young, Isabella Gobbie, Anika Sinclair, Kaleigh Morris, Bernardita Hoyo Gibson, Olivia Lim, Charliee Burnett, Pippa McMillan, Milly Paterson, Anabel King, Greer Dickson, Hunter McLay, Summer Brosnan, Matilda Isbister, Grace Webster, Isla Kappely, Tegan Smith, Amelia Crouch, Jade Paki, Casey Paki, Bobbie Wilson, Isabell Williamson, Minette Prinsloo, Zara Ford, Isabella Galvan, Robbie Miller, Sophia Kerwin, Danya Booth, Adela Slanarova, Lilee Lambe, Lauren Davies, Lydia Helms, Gabrielle Robinson, Kate Muller, Ruby Murdoch, Aston Young, Honor Hood, Macy Waterhouse, Lily Hannah Petrich, Pippa Goodin, Tiana Young"
224 (C),13:10,50,M Int 1X,final,B,"Zac Visser, Angus Lovell, Harrison White, Keegan Jordaan, Flynn Wheeler, Mathieu Williams, Ross Llaneta, Paul Wilson, Samuel Gower"
225 (D),13:15,50,M Int 1X,final,A,"Logan Joubert, Aidan Odocherty, Noah Layton, Kahukura Haggie, Craig Ford, Quin Vivian, Hunter Coleman, Connagh McCormack, Nat Renouf"
226 (E),13:25,51,W Int 1X,final,B,"Pippa Percy, Maria-Theresia Schrems, Tilly Wilde, Jasmine Sieber, Cobie Middleton, Lusia Smith, Maya Harold, Tiia Cooke, Ruby Stonex"
227 (F),13:30,51,W Int 1X,final,A,"Rose Morley, Lily Hammond, Tessa Thomson, Ayla Klein, Isla Westlake, Rosa Griffiths, Annabel Shaw, Amanda Badger, Camryn Collinson"
228 (G),13:40,52,M Nov 2X,final,B,"Jacob Larsen, Callum Morgan, William Dobbs, Ethan Winson, George Lieshout, Lukas Tafto, Julian Cardinal, Jason Hughes, Samuel Schofield, Samuel Richardson, Jacob Marsden, Rico Ivamy, Luciano Pouwels, Edward Poole, Blake Taylor, William Taylor, John Dodds, Henry Cato"
229 (H),13:45,52,M Nov 2X,final,A,"Harper Faire-Barlow, Alaric Bulling, Flynn Peters, Elliot Peters, Oscar Keller, Tom Crowley, Blake Sheely, Grady O'Sullivan, David Strobel, Milo Weber, Zac Fitness, Ben Russell, Jonty Putwain, Kirwan Penny, Marley Taufa, Wesley Stark, Harrisen Eustace, Dehan Otto"
230 (I),13:55,53,M Clb 2-,final,B,"William Thomas, Sam McAfee, Rion Ormsby-Harris, Dillon Cable, Lewis Brown, Theo Brown, Zach Peebles, Benjamin Rickard, Fergus Meredith, Toby Cleghorn, Sean O'Connor, Ted Henderson, Jakob Rohrbach, Ike Newlands-Carter, Joshua Payne, Vaughn Cameron"
231 (J),14:00,53,M Clb 2-,final,A,"Will Kale, Corin Brown, Ziggy Miller, Arlo Powell, Merleau Moons, Johno O'Brien, Noah le Quellec, Barney Evans, Freddie Simons, Monty Neubert, Zachary Jenkins, Aidan Bennett, Charlie Moon, Matthew Poulton, Ryan Flintoft, Ollie Hawkins, Cooper Watt, Sam Overdevest"
232 (K),14:15,54,W Clb 4-,final,A,"Te Aria Jackson, Ava Stevens, Mia Breen, Amanda Horne, Amber Church, Ashley Pryor, Grace Farrell, Savanna Bourke, Phoebe Burden, Courtney Prebble, Julia Middleditch, Jessica Rankin, Sarah Healy, Georgia Kendrick, Eva McGivern, Lily Johnson, Olivia Studholme, Emma Gardiner, Kate Ryall, Sienna Godfrey-Chatterton, Sacha van der Net, Emma Curnow, Izzy Karim, Lilah Martin, Lola Storey, Maddie Wellington, Gracie Marshall-McCaskey, Ruhi Powdrell, Amy Paterson, Ella Barnes, Macey Barnes, Lucy Clark, Georgia Thorpe, Lily Dwyer, Madeline Donovan, Eden Hogg"
233 (L),14:25,55,W Snr 1X,final,B,"Aishling White, Charlotte Mawston, Dovey Mabey, Sophie Jones, Setai Setoga"
234 (M),14:30,55,W Snr 1X,final,A,"Angalla Carney, Olivia Key, Isla Westlake, Sasha Robinson, Holly Chaafe, Constance Stirling, Tegan O'Dwyer, Naomi Robertson, Maeve Lockett"
235 (N),14:40,56,M Snr 1X,final,B,"Harry Febery, Logan Docherty, Joshua Lomas, Jake Newton, Nathan Strachan, Gerard Wall, Corben Campbell, Nicky Maxim, Luke Berquist"
236 (O),14:45,56,M Snr 1X,final,A,"Lewis Meates, Charlie Manser, Sam Barnett, James Hollard, Sebastian Fulton, Alexander Hattrell, Clayton Potts, Fynn Allison, Joshua Clark"
237 (P),14:50,57E,Mx Int 8+ (E),final,A,"Naomi Lukic, Tiffany Robinson, Aidan Tod, Aidan Taylor, Quinn Robinson, Quinn Hookway, Mele-'Ofa Isileli-Fo'Ou, Mattias Tafto, Emily Tod, Lexi Falconer, Arabella Young, Leah Austin, Jess Excell, Blake Simcock, Finnegan Jones, Liam Jefferys, Mitchell Kilmister, Ava Hosking, Zachary Dorn, Charlie Cropper, Oscar Verry, Liam Kaye, Lucinda Howard, Susie Moorhead, Florence Gillespie, Pippa Winchester, Scarlett Westaway, Antoine Ellis, Scott Novak, Nina Nemcanin, Maggie Denize, Toby Kleinsman Leusink Hill, Aidan Patterson, Hannah Stephens, Hannah Jurke, Georgia Morris, Iain Scotcher, Hugo Miller, Shay Ostenberry, Sophia Scheper, Madison Farrelly, Devon Farrelly, Jack Hall, Geo Snelling, Isabella Sharp, Maya Denton, Brittany Smith, Keira Gilbert, Scarlett Richards, Connor Mills, Doyong Um, Edward Poole, Cameron McKay, Amanda Badger, Izzy Costar, Flynn Powar, Zara Cameron, Kayla Peters, Callum McRobbie, Cameron White, Johan Joubert, Rebecca Klatt, Owain Brett-Chinnery"
238 (Q),15:00,58,M Prm 8+,final,A,"Fred Vavasour, Arie Magasiva, Jack Pearson, Charles Beale, Alex Fletcher, Payo O'Sullivan, Blake Cooper, George Young, Hunter Rowland, Sam Wilson, Ted Mayne, Zackary Rumble, Matthew Glen, Henry Kirk, Ben Taylor, Oliver Welch, Scott Shackleton, Annabel Wynn-Williams, Callum Tutbury, Karl Manson, Jack Cooper, Oscar Ruston, Campbell Crouch, Joshua Vodanovich, Finn Hamill, Joshua Gordon, Oliver Duncan, Toby Robinson, Luke Tompkins, Josh Syme, Ben Allan, Bede Giera, William Mackintosh, Harry Galvan, Fergus Johnston, Eliza O'Meagher, Tadhg Farac, Callum Booth, Daniel Taylor, Jack Buckley, Harry Fitzpatrick, Blake Bradshaw, Ethan Blight, George Langley, Jacob Avery"
239 (R),15:15,59,W Prm 8+,final,A,"Alana Sherman, Hannah Matehaere, Lucy Burrell, Charlize Tutbury, Olivia Piebenga, Pippa Dixon, Mila van Rensburg, Molly McClintock, Harry Molloy, Frances Casey, Eva Hofmans, Mollie Nicol, Amelia Barrell, Isla Blake, Sophie Egnot-Johnson, Katie Lush, Isobel Eliadis-Watson, Bradley Kingma, Emily Ryall, Lilly Grant, Coco Flood, Aine Leeson, Jessica Tavendale, Harriet Williams, Phoebe Collier, Georgie Bethell, Timmy Heritage, Ella Cossill, Shakira Mirfin, Olivia Hay, Tegan O'Dwyer, Charlotte Mawston, Elke Thursten, Sasha Robinson, Sasha Delman, George Mackintosh, Rebecca Leigh, Maclaine Stuart, Alice Fahey, Jenna-Lee Markgraaff, Madison Neale, Millie Scott, Tyler Stewart, Emma Spittle, Annabelle Scott"
